1,7.0,581.85,384.08,183.60,459.00,1.0,-1,-1,-1
1,6.0,1042.88,492.08,155.25,334.13,1.0,-1,-1,-1
1,5.0,1015.20,490.73,157.95,340.88,1.0,-1,-1,-1
1,4.0,1126.58,347.63,211.95,554.18,1.0,-1,-1,-1
1,3.0,1291.95,409.05,179.55,444.82,1.0,-1,-1,-1
1,2.0,589.61,414.79,343.91,477.56,1.0,-1,-1,-1
1,1.0,789.07,380.70,284.85,544.05,1.0,-1,-1,-1
2,7.0,590.96,405.00,170.44,437.40,1.0,-1,-1,-1
2,6.0,1046.25,490.73,156.60,336.83,1.0,-1,-1,-1
2,5.0,1024.65,493.76,132.30,335.14,1.0,-1,-1,-1
2,4.0,1140.75,362.48,191.70,541.35,1.0,-1,-1,-1
2,3.0,1294.65,402.64,186.30,450.56,1.0,-1,-1,-1
2,2.0,612.56,415.12,326.36,477.90,1.0,-1,-1,-1
2,1.0,791.78,392.18,275.40,535.27,1.0,-1,-1,-1
3,8.0,895.05,434.70,186.30,402.30,1.0,-1,-1,-1
3,7.0,584.21,419.85,174.49,419.18,1.0,-1,-1,-1
3,6.0,1055.70,494.78,160.65,334.80,1.0,-1,-1,-1
3,5.0,1010.48,489.04,175.50,343.24,1.0,-1,-1,-1
3,4.0,1117.12,370.91,216.00,530.89,1.0,-1,-1,-1
3,3.0,1304.10,407.70,183.60,447.53,1.0,-1,-1,-1
3,2.0,598.05,431.33,318.60,459.67,1.0,-1,-1,-1
3,1.0,780.98,369.90,290.25,554.17,1.0,-1,-1,-1
4,7.0,578.81,412.43,192.71,427.27,1.0,-1,-1,-1
4,6.0,1066.50,503.89,143.10,325.69,1.0,-1,-1,-1
4,5.0,1021.95,496.46,149.85,334.46,1.0,-1,-1,-1
4,4.0,1125.23,310.16,206.55,594.34,1.0,-1,-1,-1
4,3.0,1306.12,410.40,195.08,446.17,1.0,-1,-1,-1
4,2.0,597.38,436.05,334.80,457.65,1.0,-1,-1,-1
4,1.0,750.60,385.76,318.60,544.39,1.0,-1,-1,-1
5,7.0,568.01,396.23,200.81,450.90,1.0,-1,-1,-1
5,6.0,1054.35,505.91,156.60,326.36,1.0,-1,-1,-1
5,5.0,990.90,495.45,184.95,340.88,1.0,-1,-1,-1
5,4.0,1116.45,303.58,216.00,610.37,1.0,-1,-1,-1
5,3.0,1312.20,421.88,221.40,442.80,1.0,-1,-1,-1
5,2.0,610.54,444.83,329.74,447.53,1.0,-1,-1,-1
5,1.0,774.90,399.60,318.60,534.60,1.0,-1,-1,-1
6,7.0,483.98,349.65,288.90,496.80,1.0,-1,-1,-1
6,6.0,1074.60,505.91,149.85,327.04,1.0,-1,-1,-1
6,5.0,1019.93,501.19,155.25,332.44,1.0,-1,-1,-1
6,4.0,1108.35,292.78,230.85,619.82,1.0,-1,-1,-1
6,3.0,1313.55,415.12,234.90,452.25,1.0,-1,-1,-1
6,2.0,613.58,453.94,298.35,438.41,1.0,-1,-1,-1
6,1.0,747.23,399.60,387.45,550.13,1.0,-1,-1,-1
7,7.0,485.33,345.43,283.50,523.97,1.0,-1,-1,-1
7,6.0,1071.90,497.81,156.60,333.11,1.0,-1,-1,-1
7,5.0,1023.98,501.86,148.50,331.09,1.0,-1,-1,-1
7,4.0,1100.25,288.73,249.75,628.59,1.0,-1,-1,-1
7,3.0,1316.25,407.03,251.10,456.97,1.0,-1,-1,-1
7,2.0,627.75,452.93,305.10,439.43,1.0,-1,-1,-1
7,1.0,739.80,370.58,387.45,579.83,1.0,-1,-1,-1
8,7.0,487.69,343.41,279.11,525.99,1.0,-1,-1,-1
8,5.0,1022.63,502.88,143.10,331.43,1.0,-1,-1,-1
8,4.0,1100.25,283.16,251.10,637.54,1.0,-1,-1,-1
8,3.0,1317.60,400.61,251.10,464.74,1.0,-1,-1,-1
8,2.0,663.86,444.15,251.44,449.55,1.0,-1,-1,-1
8,1.0,747.90,368.55,319.95,569.70,1.0,-1,-1,-1
9,7.0,483.64,345.09,254.14,512.16,1.0,-1,-1,-1
9,5.0,1016.55,504.23,162.00,337.50,1.0,-1,-1,-1
9,4.0,1101.60,279.28,260.55,643.44,1.0,-1,-1,-1
9,3.0,1326.38,393.86,261.23,474.19,1.0,-1,-1,-1
9,2.0,666.90,423.90,253.80,468.45,1.0,-1,-1,-1
9,1.0,752.62,381.38,303.75,556.20,1.0,-1,-1,-1
10,7.0,483.30,342.73,263.93,505.07,1.0,-1,-1,-1
10,5.0,1019.25,504.56,149.85,332.44,1.0,-1,-1,-1
10,4.0,1109.70,287.21,256.50,637.54,1.0,-1,-1,-1
10,3.0,1350.68,395.55,219.38,474.52,1.0,-1,-1,-1
10,2.0,672.30,427.28,218.70,465.08,1.0,-1,-1,-1
10,1.0,785.70,409.73,255.15,529.20,1.0,-1,-1,-1
11,5.0,999.68,503.55,189.00,353.02,1.0,-1,-1,-1
11,4.0,1114.43,295.31,251.10,625.39,1.0,-1,-1,-1
11,3.0,1346.62,384.75,227.48,490.05,1.0,-1,-1,-1
11,2.0,667.24,437.40,221.74,455.62,1.0,-1,-1,-1
11,1.0,754.65,424.58,357.75,517.05,1.0,-1,-1,-1
12,8.0,903.83,477.90,159.30,392.85,1.0,-1,-1,-1
12,5.0,1024.65,503.21,174.15,345.26,1.0,-1,-1,-1
12,4.0,1117.12,410.74,252.45,516.71,1.0,-1,-1,-1
12,3.0,1357.43,413.10,223.43,463.73,1.0,-1,-1,-1
12,2.0,646.65,407.70,232.20,486.00,1.0,-1,-1,-1
12,1.0,773.55,430.99,255.15,511.31,1.0,-1,-1,-1
13,8.0,908.55,496.46,162.00,374.29,1.0,-1,-1,-1
13,5.0,1021.28,506.93,182.25,338.85,1.0,-1,-1,-1
13,4.0,1113.75,415.12,256.50,515.70,1.0,-1,-1,-1
13,3.0,1362.15,439.09,221.40,434.36,1.0,-1,-1,-1
13,2.0,653.74,435.04,225.79,458.66,1.0,-1,-1,-1
13,1.0,780.98,434.03,228.15,507.60,1.0,-1,-1,-1
14,9.0,1227.83,514.35,159.97,332.10,1.0,-1,-1,-1
14,8.0,899.78,515.03,170.10,355.05,1.0,-1,-1,-1
14,5.0,1026.68,509.96,168.75,330.41,1.0,-1,-1,-1
14,4.0,1115.10,421.88,252.45,506.25,1.0,-1,-1,-1
14,3.0,1374.30,389.48,213.30,486.68,1.0,-1,-1,-1
14,2.0,669.94,481.28,217.69,413.78,1.0,-1,-1,-1
14,1.0,795.83,434.70,203.85,504.90,1.0,-1,-1,-1
15,10.0,576.45,428.29,248.40,455.96,1.0,-1,-1,-1
15,9.0,1227.83,511.65,152.55,336.15,1.0,-1,-1,-1
15,8.0,913.95,518.40,168.75,351.00,1.0,-1,-1,-1
15,5.0,1015.88,510.30,176.85,326.70,1.0,-1,-1,-1
15,4.0,1120.50,428.62,243.00,497.48,1.0,-1,-1,-1
15,3.0,1385.10,395.55,202.50,480.60,1.0,-1,-1,-1
15,2.0,657.79,439.09,194.74,453.26,1.0,-1,-1,-1
15,1.0,798.53,436.73,187.65,504.23,1.0,-1,-1,-1
16,10.0,549.11,494.78,258.19,385.42,1.0,-1,-1,-1
16,9.0,1234.58,513.00,161.32,324.00,1.0,-1,-1,-1
16,8.0,916.65,527.51,151.20,342.56,1.0,-1,-1,-1
16,5.0,1030.72,510.98,147.15,328.05,1.0,-1,-1,-1
16,4.0,1121.85,354.38,238.95,571.05,1.0,-1,-1,-1
16,3.0,1393.20,411.75,205.20,463.73,1.0,-1,-1,-1
16,2.0,661.16,494.10,217.01,402.30,1.0,-1,-1,-1
16,1.0,799.88,440.10,186.30,499.50,1.0,-1,-1,-1
17,10.0,547.09,496.46,247.39,382.39,1.0,-1,-1,-1
17,9.0,1235.93,515.03,176.18,315.90,1.0,-1,-1,-1
17,8.0,913.28,528.19,153.90,343.91,1.0,-1,-1,-1
17,5.0,1016.55,510.64,159.30,326.36,1.0,-1,-1,-1
17,4.0,1122.53,404.66,236.25,521.44,1.0,-1,-1,-1
17,3.0,1395.90,394.20,213.30,479.92,1.0,-1,-1,-1
17,2.0,628.09,502.20,234.56,392.85,1.0,-1,-1,-1
17,1.0,800.55,439.43,182.25,503.55,1.0,-1,-1,-1
18,10.0,548.78,495.45,247.05,382.73,1.0,-1,-1,-1
18,8.0,905.85,529.88,163.35,338.85,1.0,-1,-1,-1
18,5.0,1013.85,510.64,159.30,327.71,1.0,-1,-1,-1
18,4.0,1123.20,428.29,234.90,497.81,1.0,-1,-1,-1
18,3.0,1385.10,394.88,229.50,480.60,1.0,-1,-1,-1
18,2.0,640.58,500.51,232.20,394.54,1.0,-1,-1,-1
18,1.0,801.23,440.44,271.35,500.51,1.0,-1,-1,-1
19,10.0,549.79,494.78,260.21,394.20,1.0,-1,-1,-1
19,8.0,899.78,528.86,166.05,341.21,1.0,-1,-1,-1
19,5.0,1026.00,511.31,143.10,328.39,1.0,-1,-1,-1
19,4.0,1122.53,434.03,237.60,493.42,1.0,-1,-1,-1
19,3.0,1385.10,468.45,234.90,405.67,1.0,-1,-1,-1
19,2.0,641.93,500.85,216.00,396.90,1.0,-1,-1,-1
19,1.0,804.60,440.44,182.25,500.51,1.0,-1,-1,-1
20,10.0,570.38,506.93,286.20,391.50,1.0,-1,-1,-1
20,8.0,901.80,528.19,175.50,366.86,1.0,-1,-1,-1
20,5.0,1001.03,511.99,191.70,329.74,1.0,-1,-1,-1
20,4.0,1127.93,436.73,233.55,490.05,1.0,-1,-1,-1
20,3.0,1398.60,392.85,226.80,480.60,1.0,-1,-1,-1
20,2.0,664.20,505.58,197.10,391.50,1.0,-1,-1,-1
20,1.0,799.88,442.80,184.95,503.55,1.0,-1,-1,-1
21,8.0,908.55,527.85,160.65,353.70,1.0,-1,-1,-1
21,5.0,1012.50,509.96,170.10,330.41,1.0,-1,-1,-1
21,4.0,1127.25,435.71,268.65,491.74,1.0,-1,-1,-1
21,3.0,1399.95,387.45,229.50,487.35,1.0,-1,-1,-1
21,2.0,660.83,498.15,292.95,410.40,1.0,-1,-1,-1
21,1.0,795.15,439.43,232.20,545.40,1.0,-1,-1,-1
22,8.0,909.23,527.17,156.60,351.00,1.0,-1,-1,-1
22,7.0,546.75,486.68,243.68,394.20,1.0,-1,-1,-1
22,5.0,1016.55,508.95,167.40,334.12,1.0,-1,-1,-1
22,4.0,1128.60,435.38,278.10,491.40,1.0,-1,-1,-1
22,3.0,1382.40,394.54,256.50,478.91,1.0,-1,-1,-1
22,2.0,661.50,499.16,282.15,416.14,1.0,-1,-1,-1
22,1.0,672.30,437.74,468.45,597.71,1.0,-1,-1,-1
23,9.0,1252.80,511.31,137.70,314.21,1.0,-1,-1,-1
23,8.0,904.50,525.15,160.65,353.70,1.0,-1,-1,-1
23,7.0,551.14,481.61,240.64,412.09,1.0,-1,-1,-1
23,5.0,1016.55,506.25,166.05,336.82,1.0,-1,-1,-1
23,4.0,1130.62,429.30,236.25,497.48,1.0,-1,-1,-1
23,3.0,1395.90,390.83,207.90,484.65,1.0,-1,-1,-1
23,2.0,662.18,490.73,298.35,423.90,1.0,-1,-1,-1
23,1.0,666.56,440.44,486.34,589.61,1.0,-1,-1,-1
24,9.0,1239.98,511.31,151.88,328.39,1.0,-1,-1,-1
24,8.0,907.20,515.03,160.65,369.90,1.0,-1,-1,-1
24,7.0,584.89,480.60,153.56,373.27,1.0,-1,-1,-1
24,5.0,1018.58,502.20,163.35,344.92,1.0,-1,-1,-1
24,4.0,1131.30,421.88,243.00,506.93,1.0,-1,-1,-1
24,3.0,1391.85,388.80,270.00,488.02,1.0,-1,-1,-1
24,2.0,715.50,434.70,275.40,512.33,1.0,-1,-1,-1
25,9.0,1240.65,511.99,152.55,326.36,1.0,-1,-1,-1
25,8.0,909.90,510.30,160.65,379.35,1.0,-1,-1,-1
25,5.0,1027.35,498.15,144.45,344.25,1.0,-1,-1,-1
25,4.0,1132.65,419.85,238.95,510.30,1.0,-1,-1,-1
25,3.0,1390.50,392.18,288.90,485.32,1.0,-1,-1,-1
25,2.0,797.18,427.28,193.05,522.45,1.0,-1,-1,-1
26,10.0,636.86,458.66,220.39,503.89,1.0,-1,-1,-1
26,8.0,913.95,504.56,164.70,374.29,1.0,-1,-1,-1
26,5.0,1024.65,494.10,144.45,347.63,1.0,-1,-1,-1
26,4.0,1134.00,415.80,237.60,512.32,1.0,-1,-1,-1
26,3.0,1391.85,458.33,297.00,415.80,1.0,-1,-1,-1
26,2.0,787.05,424.58,206.55,526.50,1.0,-1,-1,-1
27,10.0,637.20,453.60,287.55,492.75,1.0,-1,-1,-1
27,8.0,907.20,497.48,167.40,384.75,1.0,-1,-1,-1
27,5.0,1023.98,491.40,149.85,349.65,1.0,-1,-1,-1
27,4.0,1133.33,416.48,432.67,525.83,1.0,-1,-1,-1
27,3.0,1393.20,395.21,299.70,482.29,1.0,-1,-1,-1
27,2.0,792.45,419.18,198.45,529.20,1.0,-1,-1,-1
28,10.0,638.55,444.83,253.80,466.42,1.0,-1,-1,-1
28,8.0,884.93,481.28,194.40,407.03,1.0,-1,-1,-1
28,7.0,582.53,443.48,156.60,406.35,1.0,-1,-1,-1
28,5.0,1031.40,481.95,160.65,355.73,1.0,-1,-1,-1
28,4.0,1134.68,408.38,407.03,564.30,1.0,-1,-1,-1
28,3.0,1394.55,401.29,318.60,477.56,1.0,-1,-1,-1
28,2.0,796.50,412.76,199.80,538.99,1.0,-1,-1,-1
29,10.0,650.70,438.08,278.10,483.98,1.0,-1,-1,-1
29,8.0,890.33,475.20,186.30,415.80,1.0,-1,-1,-1
29,7.0,580.84,438.75,151.54,410.40,1.0,-1,-1,-1
29,5.0,1036.80,476.89,157.95,361.46,1.0,-1,-1,-1
29,4.0,1134.00,407.03,442.80,567.67,1.0,-1,-1,-1
29,3.0,1397.25,423.90,191.70,454.95,1.0,-1,-1,-1
29,2.0,797.18,412.09,206.55,542.36,1.0,-1,-1,-1
30,10.0,651.04,429.30,266.96,498.15,1.0,-1,-1,-1
30,9.0,1260.90,505.58,133.65,334.80,1.0,-1,-1,-1
30,8.0,899.10,466.09,178.20,414.11,1.0,-1,-1,-1
30,7.0,581.51,436.73,153.56,413.10,1.0,-1,-1,-1
30,5.0,1036.80,469.13,159.30,371.25,1.0,-1,-1,-1
30,4.0,1132.65,402.30,382.05,538.65,1.0,-1,-1,-1
30,3.0,1397.25,438.08,329.40,441.45,1.0,-1,-1,-1
30,2.0,793.12,405.00,211.95,547.43,1.0,-1,-1,-1
31,10.0,652.73,425.59,218.70,487.01,1.0,-1,-1,-1
31,8.0,904.50,459.00,180.90,428.62,1.0,-1,-1,-1
31,7.0,585.56,430.65,148.16,419.17,1.0,-1,-1,-1
31,5.0,1032.08,465.41,155.25,372.94,1.0,-1,-1,-1
31,4.0,1135.35,394.54,365.85,559.91,1.0,-1,-1,-1
31,3.0,1399.95,394.88,324.00,483.98,1.0,-1,-1,-1
31,2.0,792.45,394.20,222.75,561.60,1.0,-1,-1,-1
32,10.0,652.73,413.10,244.35,497.48,1.0,-1,-1,-1
32,8.0,922.05,441.45,155.25,426.60,1.0,-1,-1,-1
32,7.0,585.23,424.58,157.27,425.25,1.0,-1,-1,-1
32,5.0,1026.00,459.34,152.55,373.61,1.0,-1,-1,-1
32,4.0,1123.20,386.78,348.30,556.20,1.0,-1,-1,-1
32,3.0,1398.60,390.83,297.00,491.40,1.0,-1,-1,-1
32,2.0,791.10,366.53,349.65,610.20,1.0,-1,-1,-1
33,10.0,631.12,402.64,344.25,538.31,1.0,-1,-1,-1
33,5.0,1030.05,454.28,152.55,371.92,1.0,-1,-1,-1
33,4.0,1126.58,380.03,249.75,558.23,1.0,-1,-1,-1
33,3.0,1401.30,390.83,286.20,492.75,1.0,-1,-1,-1
33,2.0,772.20,351.68,324.00,606.15,1.0,-1,-1,-1
34,10.0,635.18,388.80,375.30,560.93,1.0,-1,-1,-1
34,9.0,1228.50,493.43,203.85,425.25,1.0,-1,-1,-1
34,5.0,1019.93,451.58,170.10,379.35,1.0,-1,-1,-1
34,4.0,1113.75,374.62,287.55,563.63,1.0,-1,-1,-1
34,3.0,1402.65,390.15,270.00,494.78,1.0,-1,-1,-1
34,2.0,720.90,348.30,394.20,608.85,1.0,-1,-1,-1
35,10.0,598.73,392.18,283.50,512.32,1.0,-1,-1,-1
35,5.0,997.65,446.18,195.75,384.07,1.0,-1,-1,-1
35,4.0,1131.98,364.16,270.67,575.44,1.0,-1,-1,-1
35,3.0,1402.65,390.83,248.40,497.48,1.0,-1,-1,-1
35,2.0,777.60,343.41,353.70,615.09,1.0,-1,-1,-1
36,10.0,555.53,382.05,290.25,522.45,1.0,-1,-1,-1
36,5.0,997.65,434.03,201.15,408.38,1.0,-1,-1,-1
36,4.0,1132.65,299.19,294.30,642.43,1.0,-1,-1,-1
36,2.0,780.30,346.28,253.80,615.60,1.0,-1,-1,-1
37,10.0,587.25,376.65,257.85,531.90,1.0,-1,-1,-1
37,5.0,960.53,417.15,230.85,449.55,1.0,-1,-1,-1
37,4.0,1127.93,316.74,286.88,627.58,1.0,-1,-1,-1
37,2.0,776.93,330.75,257.85,632.48,1.0,-1,-1,-1
38,11.0,1405.35,423.90,197.10,463.05,1.0,-1,-1,-1
38,10.0,535.28,370.58,321.30,537.30,1.0,-1,-1,-1
38,5.0,964.58,419.85,236.25,448.20,1.0,-1,-1,-1
38,4.0,1128.60,335.64,267.30,609.36,1.0,-1,-1,-1
38,2.0,775.58,329.57,274.05,636.36,1.0,-1,-1,-1
39,11.0,1387.80,396.23,213.30,492.08,1.0,-1,-1,-1
39,10.0,541.01,369.90,302.74,538.65,1.0,-1,-1,-1
39,5.0,986.85,425.25,210.60,426.60,1.0,-1,-1,-1
39,4.0,1129.95,343.07,288.90,605.98,1.0,-1,-1,-1
39,2.0,775.58,307.12,275.40,658.80,1.0,-1,-1,-1
40,11.0,1390.50,404.33,210.60,486.00,1.0,-1,-1,-1
40,10.0,560.25,365.85,295.65,547.43,1.0,-1,-1,-1
40,5.0,990.90,405.34,199.80,441.11,1.0,-1,-1,-1
40,4.0,1118.48,336.83,326.02,608.18,1.0,-1,-1,-1
40,2.0,776.25,278.77,294.30,691.88,1.0,-1,-1,-1
41,12.0,550.12,446.18,220.73,443.48,1.0,-1,-1,-1
41,11.0,1389.15,431.33,216.00,460.35,1.0,-1,-1,-1
41,10.0,562.95,366.53,276.75,549.45,1.0,-1,-1,-1
41,9.0,1235.93,479.25,185.62,353.02,1.0,-1,-1,-1
41,5.0,992.25,418.50,193.05,433.35,1.0,-1,-1,-1
41,4.0,1100.25,342.73,364.50,596.19,1.0,-1,-1,-1
41,2.0,775.58,267.30,305.10,705.38,1.0,-1,-1,-1
42,12.0,547.42,463.05,203.85,397.57,1.0,-1,-1,-1
42,11.0,1389.15,420.53,229.50,472.50,1.0,-1,-1,-1
42,10.0,561.26,364.50,274.39,550.12,1.0,-1,-1,-1
42,9.0,1243.35,487.35,189.00,346.27,1.0,-1,-1,-1
42,5.0,1003.05,411.08,170.10,448.88,1.0,-1,-1,-1
42,4.0,1108.35,332.44,372.60,603.11,1.0,-1,-1,-1
42,2.0,776.93,252.45,324.00,722.25,1.0,-1,-1,-1
43,12.0,541.69,456.98,209.59,401.63,1.0,-1,-1,-1
43,11.0,1391.85,425.93,210.60,465.75,1.0,-1,-1,-1
43,10.0,636.53,363.15,198.45,549.45,1.0,-1,-1,-1
43,9.0,1252.12,492.08,172.12,340.88,1.0,-1,-1,-1
43,8.0,886.95,396.23,198.45,493.43,1.0,-1,-1,-1
43,4.0,1113.75,322.99,363.15,611.21,1.0,-1,-1,-1
43,2.0,780.30,245.70,290.25,726.30,1.0,-1,-1,-1
44,12.0,525.49,441.45,249.41,413.78,1.0,-1,-1,-1
44,10.0,594.68,361.12,244.35,552.15,1.0,-1,-1,-1
44,9.0,1255.50,492.08,174.15,343.58,1.0,-1,-1,-1
44,8.0,868.05,393.53,220.05,500.85,1.0,-1,-1,-1
44,4.0,1117.80,283.67,384.75,655.26,1.0,-1,-1,-1
44,2.0,778.28,237.60,290.25,743.85,1.0,-1,-1,-1
45,12.0,515.36,418.16,254.14,439.09,1.0,-1,-1,-1
45,10.0,616.28,359.10,220.05,554.85,1.0,-1,-1,-1
45,9.0,1244.70,490.73,197.10,344.25,1.0,-1,-1,-1
45,6.0,1006.43,391.50,166.05,487.35,1.0,-1,-1,-1
45,4.0,1121.18,268.82,392.18,668.08,1.0,-1,-1,-1
45,2.0,774.90,239.96,299.70,744.19,1.0,-1,-1,-1
46,12.0,511.99,428.62,258.19,425.25,1.0,-1,-1,-1
46,10.0,626.06,357.75,212.29,556.20,1.0,-1,-1,-1
46,9.0,1244.03,487.35,196.43,349.65,1.0,-1,-1,-1
46,6.0,1004.40,403.65,168.75,475.88,1.0,-1,-1,-1
46,4.0,1125.23,250.09,401.62,685.46,1.0,-1,-1,-1
46,3.0,1397.25,380.36,213.30,513.34,1.0,-1,-1,-1
46,2.0,774.90,241.99,302.40,742.16,1.0,-1,-1,-1
47,12.0,520.76,431.33,246.04,421.88,1.0,-1,-1,-1
47,10.0,631.80,360.45,207.90,554.17,1.0,-1,-1,-1
47,9.0,1240.65,487.35,195.75,348.98,1.0,-1,-1,-1
47,6.0,1011.15,400.28,162.00,477.22,1.0,-1,-1,-1
47,4.0,1125.23,243.00,405.67,691.88,1.0,-1,-1,-1
47,3.0,1402.65,378.68,213.30,515.02,1.0,-1,-1,-1
47,2.0,774.90,248.06,294.30,737.44,1.0,-1,-1,-1
48,12.0,518.40,429.30,255.83,419.85,1.0,-1,-1,-1
48,10.0,640.58,364.50,194.40,548.78,1.0,-1,-1,-1
48,9.0,1233.90,470.48,202.50,365.85,1.0,-1,-1,-1
48,6.0,1007.10,436.05,166.05,440.10,1.0,-1,-1,-1
48,4.0,1125.90,228.49,382.05,712.46,1.0,-1,-1,-1
48,3.0,1408.05,398.25,318.60,496.80,1.0,-1,-1,-1
48,2.0,768.15,252.79,321.30,728.66,1.0,-1,-1,-1
49,12.0,518.40,435.04,242.33,414.11,1.0,-1,-1,-1
49,10.0,645.98,367.20,190.35,546.08,1.0,-1,-1,-1
49,9.0,1231.88,453.60,201.83,386.10,1.0,-1,-1,-1
49,6.0,1015.20,440.78,156.60,434.70,1.0,-1,-1,-1
49,4.0,1127.25,234.56,382.05,710.44,1.0,-1,-1,-1
49,3.0,1404.00,396.56,324.00,498.49,1.0,-1,-1,-1
49,2.0,760.05,263.93,318.60,716.85,1.0,-1,-1,-1
50,12.0,519.08,435.38,248.40,413.78,1.0,-1,-1,-1
50,10.0,649.35,374.96,187.65,538.99,1.0,-1,-1,-1
50,9.0,1228.50,443.14,201.15,393.86,1.0,-1,-1,-1
50,6.0,1011.15,441.45,163.35,425.25,1.0,-1,-1,-1
50,4.0,1129.95,234.56,373.95,709.09,1.0,-1,-1,-1
50,3.0,1399.95,373.28,326.70,521.10,1.0,-1,-1,-1
50,2.0,759.38,238.28,307.80,740.48,1.0,-1,-1,-1
51,13.0,1134.68,484.65,133.65,325.35,1.0,-1,-1,-1
51,12.0,506.25,378.00,254.48,471.83,1.0,-1,-1,-1
51,10.0,650.03,371.25,189.00,543.38,1.0,-1,-1,-1
51,9.0,1224.45,439.76,184.95,398.59,1.0,-1,-1,-1
51,6.0,1017.90,458.66,151.20,399.94,1.0,-1,-1,-1
51,4.0,1132.65,244.69,375.30,697.61,1.0,-1,-1,-1
51,3.0,1377.68,380.03,353.03,514.35,1.0,-1,-1,-1
51,2.0,753.98,273.04,302.40,703.01,1.0,-1,-1,-1
52,13.0,1135.35,477.23,136.35,342.90,1.0,-1,-1,-1
52,12.0,546.08,432.00,203.85,413.78,1.0,-1,-1,-1
52,10.0,653.06,363.49,188.66,551.81,1.0,-1,-1,-1
52,9.0,1227.83,441.45,174.82,398.92,1.0,-1,-1,-1
52,6.0,1009.80,465.75,163.35,398.93,1.0,-1,-1,-1
52,4.0,1113.75,258.86,356.40,682.09,1.0,-1,-1,-1
52,3.0,1382.40,367.54,340.20,527.51,1.0,-1,-1,-1
52,2.0,747.23,316.74,311.85,655.26,1.0,-1,-1,-1
53,13.0,1136.70,475.88,130.95,347.62,1.0,-1,-1,-1
53,12.0,561.26,430.65,196.09,415.80,1.0,-1,-1,-1
53,10.0,647.33,370.91,202.50,541.69,1.0,-1,-1,-1
53,9.0,1225.12,433.01,181.58,413.44,1.0,-1,-1,-1
53,6.0,1007.78,470.48,164.70,395.55,1.0,-1,-1,-1
53,4.0,1100.93,257.51,348.97,682.09,1.0,-1,-1,-1
53,3.0,1368.23,374.62,332.77,517.73,1.0,-1,-1,-1
53,2.0,727.65,289.91,338.85,679.39,1.0,-1,-1,-1
54,13.0,1133.33,463.73,139.05,374.63,1.0,-1,-1,-1
54,12.0,573.41,398.25,178.54,450.23,1.0,-1,-1,-1
54,10.0,645.64,380.70,215.66,533.25,1.0,-1,-1,-1
54,9.0,1229.85,435.38,171.45,405.00,1.0,-1,-1,-1
54,6.0,1002.38,475.20,171.45,384.75,1.0,-1,-1,-1
54,4.0,1098.90,241.31,329.40,702.34,1.0,-1,-1,-1
54,3.0,1358.10,373.28,313.20,521.10,1.0,-1,-1,-1
54,2.0,737.10,315.56,329.40,646.99,1.0,-1,-1,-1
55,13.0,1134.00,462.38,133.65,375.30,1.0,-1,-1,-1
55,12.0,586.24,407.70,165.71,440.10,1.0,-1,-1,-1
55,10.0,651.04,385.43,224.44,527.85,1.0,-1,-1,-1
55,9.0,1231.20,450.23,160.65,388.13,1.0,-1,-1,-1
55,6.0,1015.20,478.24,160.65,373.61,1.0,-1,-1,-1
55,4.0,1090.12,231.53,312.53,710.78,1.0,-1,-1,-1
55,3.0,1341.23,364.50,316.57,529.88,1.0,-1,-1,-1
55,2.0,733.05,315.39,322.65,645.13,1.0,-1,-1,-1
56,13.0,1135.35,475.88,128.25,359.77,1.0,-1,-1,-1
56,12.0,596.70,382.05,156.60,463.05,1.0,-1,-1,-1
56,10.0,653.40,386.10,237.60,527.18,1.0,-1,-1,-1
56,9.0,1221.75,452.93,170.10,386.10,1.0,-1,-1,-1
56,6.0,1021.28,489.04,159.30,365.51,1.0,-1,-1,-1
56,4.0,1077.30,225.11,278.10,718.54,1.0,-1,-1,-1
56,3.0,1320.98,361.46,285.52,530.89,1.0,-1,-1,-1
56,2.0,719.55,361.12,353.70,600.08,1.0,-1,-1,-1
57,13.0,1132.65,486.00,124.20,349.65,1.0,-1,-1,-1
57,12.0,602.10,409.05,151.20,438.75,1.0,-1,-1,-1
57,10.0,654.75,394.54,218.70,516.71,1.0,-1,-1,-1
57,9.0,1229.85,466.09,160.65,370.91,1.0,-1,-1,-1
57,6.0,1030.72,452.25,156.60,405.00,1.0,-1,-1,-1
57,4.0,1074.60,225.45,275.40,714.83,1.0,-1,-1,-1
57,3.0,1313.55,348.30,280.80,542.70,1.0,-1,-1,-1
57,2.0,715.50,366.53,357.75,594.00,1.0,-1,-1,-1
58,13.0,1127.25,496.80,132.30,334.13,1.0,-1,-1,-1
58,12.0,601.76,404.66,157.61,444.49,1.0,-1,-1,-1
58,10.0,655.09,403.99,225.11,511.31,1.0,-1,-1,-1
58,9.0,1231.88,481.95,159.98,353.03,1.0,-1,-1,-1
58,6.0,1026.00,492.75,163.35,357.75,1.0,-1,-1,-1
58,4.0,1073.25,224.44,291.60,712.46,1.0,-1,-1,-1
58,3.0,1296.68,354.71,294.97,536.29,1.0,-1,-1,-1
58,2.0,716.18,369.90,372.60,592.65,1.0,-1,-1,-1
59,13.0,1131.30,501.86,128.25,335.81,1.0,-1,-1,-1
59,12.0,598.39,404.33,160.99,443.48,1.0,-1,-1,-1
59,10.0,658.12,409.05,187.65,501.52,1.0,-1,-1,-1
59,9.0,1229.18,481.95,162.68,355.73,1.0,-1,-1,-1
59,6.0,1031.40,496.13,156.60,357.07,1.0,-1,-1,-1
59,4.0,1073.93,218.70,282.15,719.55,1.0,-1,-1,-1
59,3.0,1285.20,368.21,307.80,522.79,1.0,-1,-1,-1
59,2.0,710.10,371.93,434.70,596.70,1.0,-1,-1,-1
60,13.0,1122.53,505.24,129.60,319.61,1.0,-1,-1,-1
60,12.0,597.38,433.35,155.93,412.43,1.0,-1,-1,-1
60,10.0,658.80,417.83,191.70,490.73,1.0,-1,-1,-1
60,9.0,1231.20,488.70,159.30,344.92,1.0,-1,-1,-1
60,6.0,1021.28,502.20,166.05,359.10,1.0,-1,-1,-1
60,4.0,1077.30,258.19,279.45,678.71,1.0,-1,-1,-1
60,3.0,1285.20,394.54,302.40,495.11,1.0,-1,-1,-1
60,2.0,714.15,385.43,414.45,581.85,1.0,-1,-1,-1
61,13.0,1127.25,503.55,121.50,324.68,1.0,-1,-1,-1
61,12.0,600.41,438.41,158.29,409.39,1.0,-1,-1,-1
61,10.0,660.49,427.61,218.36,486.34,1.0,-1,-1,-1
61,9.0,1214.33,419.18,184.28,422.55,1.0,-1,-1,-1
61,6.0,1027.35,506.25,153.90,342.90,1.0,-1,-1,-1
61,4.0,1071.90,277.43,287.55,660.15,1.0,-1,-1,-1
61,3.0,1285.20,396.56,302.40,493.09,1.0,-1,-1,-1
61,2.0,710.10,394.88,396.90,575.10,1.0,-1,-1,-1
62,13.0,1114.43,501.53,132.30,318.60,1.0,-1,-1,-1
62,12.0,598.73,432.68,170.10,413.77,1.0,-1,-1,-1
62,10.0,662.85,446.18,205.20,463.05,1.0,-1,-1,-1
62,8.0,897.75,470.14,189.00,414.11,1.0,-1,-1,-1
62,6.0,1026.00,509.63,155.25,342.23,1.0,-1,-1,-1
62,4.0,1075.95,299.03,288.90,637.20,1.0,-1,-1,-1
62,3.0,1287.23,425.93,297.67,462.38,1.0,-1,-1,-1
62,2.0,714.15,405.00,324.00,564.98,1.0,-1,-1,-1
63,13.0,1124.55,503.55,121.50,316.57,1.0,-1,-1,-1
63,12.0,595.01,444.15,167.74,401.62,1.0,-1,-1,-1
63,10.0,661.84,447.86,231.86,462.04,1.0,-1,-1,-1
63,8.0,903.83,493.43,178.20,389.48,1.0,-1,-1,-1
63,6.0,1034.10,511.99,145.80,342.56,1.0,-1,-1,-1
63,4.0,1081.35,333.62,280.80,599.91,1.0,-1,-1,-1
63,3.0,1294.65,432.00,288.90,456.30,1.0,-1,-1,-1
63,2.0,704.70,415.12,333.45,557.55,1.0,-1,-1,-1
64,12.0,605.48,456.30,178.20,391.50,1.0,-1,-1,-1
64,10.0,666.56,518.74,230.51,388.46,1.0,-1,-1,-1
64,8.0,900.45,499.50,179.55,384.75,1.0,-1,-1,-1
64,6.0,1025.33,491.06,147.15,359.44,1.0,-1,-1,-1
64,4.0,1075.95,365.18,284.85,572.40,1.0,-1,-1,-1
64,3.0,1297.35,398.25,283.50,488.70,1.0,-1,-1,-1
64,2.0,719.55,429.98,324.00,540.00,1.0,-1,-1,-1
65,12.0,604.80,459.00,171.45,390.15,1.0,-1,-1,-1
65,10.0,668.59,495.45,224.44,411.75,1.0,-1,-1,-1
65,9.0,1230.53,511.65,158.62,319.95,1.0,-1,-1,-1
65,8.0,883.58,506.25,199.80,380.70,1.0,-1,-1,-1
65,6.0,1024.65,510.30,149.85,338.85,1.0,-1,-1,-1
65,4.0,1068.53,367.20,294.30,571.73,1.0,-1,-1,-1
65,3.0,1300.05,401.96,280.80,483.64,1.0,-1,-1,-1
65,2.0,739.12,435.71,305.10,532.24,1.0,-1,-1,-1
66,12.0,604.12,466.76,183.60,382.39,1.0,-1,-1,-1
66,10.0,665.89,502.20,235.91,400.95,1.0,-1,-1,-1
66,9.0,1229.85,512.66,156.60,318.94,1.0,-1,-1,-1
66,8.0,903.83,516.71,176.85,363.49,1.0,-1,-1,-1
66,6.0,1025.33,500.85,149.85,353.02,1.0,-1,-1,-1
66,4.0,1063.80,371.93,301.05,568.35,1.0,-1,-1,-1
66,3.0,1316.93,398.93,262.57,486.68,1.0,-1,-1,-1
66,2.0,737.10,440.10,307.80,522.45,1.0,-1,-1,-1
67,12.0,602.10,469.80,189.00,379.35,1.0,-1,-1,-1
67,10.0,671.96,526.50,220.39,378.00,1.0,-1,-1,-1
67,9.0,1233.90,516.04,151.20,312.86,1.0,-1,-1,-1
67,8.0,893.70,508.28,191.70,372.60,1.0,-1,-1,-1
67,6.0,1019.93,493.43,155.25,354.38,1.0,-1,-1,-1
67,4.0,1065.15,381.38,297.00,557.55,1.0,-1,-1,-1
67,3.0,1317.60,392.51,261.90,493.09,1.0,-1,-1,-1
67,2.0,743.85,450.23,313.20,508.95,1.0,-1,-1,-1
68,12.0,600.41,480.60,194.74,366.52,1.0,-1,-1,-1
68,10.0,671.96,532.58,206.89,368.55,1.0,-1,-1,-1
68,9.0,1227.15,516.71,153.90,312.86,1.0,-1,-1,-1
68,6.0,1019.25,508.28,153.90,359.10,1.0,-1,-1,-1
68,5.0,941.63,509.29,207.90,362.81,1.0,-1,-1,-1
68,4.0,1063.80,394.88,305.10,541.35,1.0,-1,-1,-1
68,3.0,1314.23,404.33,259.88,480.60,1.0,-1,-1,-1
68,2.0,762.75,456.98,313.20,495.45,1.0,-1,-1,-1
69,12.0,598.39,483.30,166.39,380.02,1.0,-1,-1,-1
69,10.0,671.62,521.78,203.85,379.35,1.0,-1,-1,-1
69,9.0,1227.15,516.04,152.55,313.54,1.0,-1,-1,-1
69,6.0,1023.98,506.25,160.65,355.73,1.0,-1,-1,-1
69,5.0,932.18,509.96,225.45,360.79,1.0,-1,-1,-1
69,4.0,1081.35,401.62,288.90,534.60,1.0,-1,-1,-1
69,3.0,1320.98,398.93,250.42,484.65,1.0,-1,-1,-1
69,2.0,768.83,461.70,303.75,490.05,1.0,-1,-1,-1
70,12.0,598.73,478.58,193.05,392.17,1.0,-1,-1,-1
70,10.0,672.98,513.67,197.10,386.10,1.0,-1,-1,-1
70,9.0,1232.55,514.69,145.80,314.21,1.0,-1,-1,-1
70,6.0,1034.10,504.23,145.80,341.55,1.0,-1,-1,-1
70,5.0,937.58,509.63,197.10,353.02,1.0,-1,-1,-1
70,4.0,1099.58,408.38,270.00,525.83,1.0,-1,-1,-1
70,3.0,1324.35,407.03,243.00,476.55,1.0,-1,-1,-1
70,2.0,770.85,466.76,234.90,476.89,1.0,-1,-1,-1
71,12.0,598.39,494.10,188.66,374.63,1.0,-1,-1,-1
71,10.0,670.95,525.83,195.75,375.30,1.0,-1,-1,-1
71,9.0,1242.68,514.35,136.35,311.85,1.0,-1,-1,-1
71,6.0,1037.47,503.55,133.65,339.52,1.0,-1,-1,-1
71,5.0,932.18,507.60,194.40,354.38,1.0,-1,-1,-1
71,4.0,1104.30,414.45,291.60,518.40,1.0,-1,-1,-1
71,3.0,1335.15,463.73,229.50,419.85,1.0,-1,-1,-1
71,2.0,783.68,466.43,292.95,480.60,1.0,-1,-1,-1
72,12.0,597.71,507.60,169.76,339.52,1.0,-1,-1,-1
72,10.0,671.62,527.85,220.05,372.60,1.0,-1,-1,-1
72,9.0,1229.18,511.65,173.47,316.58,1.0,-1,-1,-1
72,6.0,1036.12,499.50,137.70,346.27,1.0,-1,-1,-1
72,5.0,936.23,506.93,151.20,365.18,1.0,-1,-1,-1
72,4.0,1099.58,429.64,264.60,508.61,1.0,-1,-1,-1
72,3.0,1316.25,466.09,245.70,416.81,1.0,-1,-1,-1
72,2.0,810.68,464.74,291.60,484.31,1.0,-1,-1,-1
73,12.0,597.38,510.98,197.10,334.13,1.0,-1,-1,-1
73,10.0,671.29,524.48,233.21,375.30,1.0,-1,-1,-1
73,9.0,1221.08,513.00,177.53,312.53,1.0,-1,-1,-1
73,6.0,1030.72,498.15,149.85,346.28,1.0,-1,-1,-1
73,5.0,942.30,508.28,160.65,355.05,1.0,-1,-1,-1
73,4.0,1097.55,436.73,260.55,497.48,1.0,-1,-1,-1
73,3.0,1318.28,466.43,242.33,416.48,1.0,-1,-1,-1
73,2.0,822.15,460.35,283.50,491.40,1.0,-1,-1,-1
74,12.0,596.03,512.66,202.50,332.44,1.0,-1,-1,-1
74,10.0,670.95,528.53,236.25,371.25,1.0,-1,-1,-1
74,9.0,1221.08,509.96,177.53,317.59,1.0,-1,-1,-1
74,6.0,1026.68,496.80,152.55,352.35,1.0,-1,-1,-1
74,5.0,926.10,506.93,183.60,354.38,1.0,-1,-1,-1
74,4.0,1099.58,440.44,256.50,493.76,1.0,-1,-1,-1
74,3.0,1318.28,468.45,239.62,415.12,1.0,-1,-1,-1
74,2.0,820.12,454.28,298.35,499.50,1.0,-1,-1,-1
75,12.0,597.04,511.65,201.49,334.80,1.0,-1,-1,-1
75,10.0,667.91,527.17,233.89,372.60,1.0,-1,-1,-1
75,9.0,1229.85,510.64,170.10,318.26,1.0,-1,-1,-1
75,6.0,1018.58,494.78,157.95,355.72,1.0,-1,-1,-1
75,5.0,940.28,506.25,144.45,352.35,1.0,-1,-1,-1
75,4.0,1078.65,442.80,275.40,490.05,1.0,-1,-1,-1
75,3.0,1313.55,466.76,251.10,417.49,1.0,-1,-1,-1
75,2.0,814.05,445.84,280.80,504.56,1.0,-1,-1,-1
76,12.0,601.76,502.20,193.39,344.92,1.0,-1,-1,-1
76,10.0,656.44,517.05,237.94,383.40,1.0,-1,-1,-1
76,9.0,1217.03,513.34,189.68,319.61,1.0,-1,-1,-1
76,6.0,1017.90,488.70,157.95,349.65,1.0,-1,-1,-1
76,5.0,924.75,500.18,182.25,396.90,1.0,-1,-1,-1
76,4.0,1094.18,444.15,248.40,486.00,1.0,-1,-1,-1
76,3.0,1311.53,464.74,265.28,420.86,1.0,-1,-1,-1
76,2.0,803.93,430.31,299.70,514.69,1.0,-1,-1,-1
77,12.0,597.71,497.48,183.26,351.00,1.0,-1,-1,-1
77,10.0,662.85,513.67,236.25,386.10,1.0,-1,-1,-1
77,9.0,1221.08,508.95,185.62,336.83,1.0,-1,-1,-1
77,6.0,1009.13,488.03,162.00,353.70,1.0,-1,-1,-1
77,5.0,905.18,497.81,201.15,387.79,1.0,-1,-1,-1
77,4.0,1113.08,444.15,230.85,488.70,1.0,-1,-1,-1
77,3.0,1316.93,463.73,259.88,420.52,1.0,-1,-1,-1
77,2.0,800.55,420.86,311.85,526.84,1.0,-1,-1,-1
78,12.0,600.75,500.85,163.35,344.93,1.0,-1,-1,-1
78,10.0,673.31,503.55,240.64,396.90,1.0,-1,-1,-1
78,9.0,1210.28,510.64,189.68,319.61,1.0,-1,-1,-1
78,6.0,1004.40,486.68,170.10,357.75,1.0,-1,-1,-1
78,5.0,889.65,496.80,217.35,373.27,1.0,-1,-1,-1
78,4.0,1094.18,442.12,247.05,490.05,1.0,-1,-1,-1
78,3.0,1347.30,465.41,232.20,417.49,1.0,-1,-1,-1
78,2.0,794.48,413.10,326.70,540.00,1.0,-1,-1,-1
79,12.0,599.74,501.86,165.04,344.59,1.0,-1,-1,-1
79,10.0,606.83,483.98,328.05,418.50,1.0,-1,-1,-1
79,9.0,1216.35,513.00,184.95,315.90,1.0,-1,-1,-1
79,6.0,1000.35,487.35,159.30,363.15,1.0,-1,-1,-1
79,5.0,899.10,479.93,205.20,400.95,1.0,-1,-1,-1
79,4.0,1088.10,440.10,245.70,490.73,1.0,-1,-1,-1
79,3.0,1354.05,465.08,232.20,417.83,1.0,-1,-1,-1
79,2.0,782.33,402.30,322.65,545.40,1.0,-1,-1,-1
80,12.0,584.55,474.86,216.00,403.99,1.0,-1,-1,-1
80,10.0,597.71,469.13,343.91,429.30,1.0,-1,-1,-1
80,9.0,1225.12,511.31,177.53,320.96,1.0,-1,-1,-1
80,6.0,998.33,484.65,166.05,370.58,1.0,-1,-1,-1
80,5.0,903.15,480.60,194.40,392.18,1.0,-1,-1,-1
80,4.0,1063.80,433.35,298.35,496.80,1.0,-1,-1,-1
80,3.0,1362.83,461.03,224.78,421.88,1.0,-1,-1,-1
80,2.0,772.88,392.85,352.35,552.15,1.0,-1,-1,-1
81,10.0,591.30,460.69,317.25,438.41,1.0,-1,-1,-1
81,9.0,1224.45,510.98,180.90,318.60,1.0,-1,-1,-1
81,6.0,990.90,482.96,180.90,360.79,1.0,-1,-1,-1
81,5.0,893.03,471.83,211.95,400.95,1.0,-1,-1,-1
81,4.0,1117.80,430.65,256.50,498.83,1.0,-1,-1,-1
81,3.0,1359.45,460.35,232.20,421.88,1.0,-1,-1,-1
81,2.0,769.50,391.16,353.70,551.14,1.0,-1,-1,-1
82,10.0,587.25,456.30,324.00,441.45,1.0,-1,-1,-1
82,9.0,1208.25,510.64,197.10,320.96,1.0,-1,-1,-1
82,6.0,993.60,480.26,175.50,374.29,1.0,-1,-1,-1
82,5.0,899.78,470.81,184.95,399.94,1.0,-1,-1,-1
82,4.0,1112.40,427.28,267.30,503.55,1.0,-1,-1,-1
82,3.0,1357.43,461.03,236.93,421.20,1.0,-1,-1,-1
82,2.0,745.88,389.48,371.25,554.18,1.0,-1,-1,-1
83,10.0,561.60,446.85,334.80,452.25,1.0,-1,-1,-1
83,9.0,1221.08,510.64,176.17,319.61,1.0,-1,-1,-1
83,6.0,997.65,469.80,193.05,376.65,1.0,-1,-1,-1
83,5.0,902.48,465.75,171.45,400.95,1.0,-1,-1,-1
83,4.0,1110.38,425.25,288.23,502.88,1.0,-1,-1,-1
83,3.0,1356.08,459.00,236.92,421.88,1.0,-1,-1,-1
83,2.0,742.50,390.83,378.00,544.73,1.0,-1,-1,-1
84,10.0,564.64,439.76,329.74,455.29,1.0,-1,-1,-1
84,9.0,1229.18,509.63,166.72,319.95,1.0,-1,-1,-1
84,6.0,991.58,489.71,189.00,362.14,1.0,-1,-1,-1
84,5.0,904.50,470.48,170.10,396.23,1.0,-1,-1,-1
84,4.0,1096.88,416.48,307.12,511.65,1.0,-1,-1,-1
84,3.0,1352.70,458.33,243.00,423.23,1.0,-1,-1,-1
84,2.0,708.75,391.50,399.60,545.40,1.0,-1,-1,-1
85,10.0,571.73,436.73,291.60,459.00,1.0,-1,-1,-1
85,9.0,1229.85,510.64,117.45,318.26,1.0,-1,-1,-1
85,6.0,988.88,488.03,175.50,360.45,1.0,-1,-1,-1
85,5.0,894.38,464.40,179.55,399.60,1.0,-1,-1,-1
85,4.0,1098.22,408.38,308.48,518.40,1.0,-1,-1,-1
85,3.0,1337.85,457.65,261.90,423.90,1.0,-1,-1,-1
85,2.0,654.75,393.53,453.60,542.70,1.0,-1,-1,-1
86,10.0,552.83,433.69,332.10,469.46,1.0,-1,-1,-1
86,9.0,1225.12,511.31,124.20,316.91,1.0,-1,-1,-1
86,6.0,988.20,486.68,172.80,367.88,1.0,-1,-1,-1
86,5.0,898.43,465.08,183.60,400.28,1.0,-1,-1,-1
86,4.0,1096.88,403.65,316.58,523.12,1.0,-1,-1,-1
86,3.0,1350.00,456.98,248.40,423.90,1.0,-1,-1,-1
86,2.0,729.68,394.20,372.60,540.68,1.0,-1,-1,-1
87,12.0,594.00,518.06,174.83,320.29,1.0,-1,-1,-1
87,10.0,587.59,425.93,275.74,478.57,1.0,-1,-1,-1
87,9.0,1223.10,500.51,122.85,329.74,1.0,-1,-1,-1
87,6.0,988.20,487.35,171.45,358.43,1.0,-1,-1,-1
87,5.0,927.45,488.70,135.00,359.78,1.0,-1,-1,-1
87,4.0,1061.10,397.91,356.40,521.44,1.0,-1,-1,-1
87,3.0,1350.00,459.68,248.40,420.52,1.0,-1,-1,-1
87,2.0,569.03,393.53,538.65,541.35,1.0,-1,-1,-1
88,12.0,545.40,498.15,247.72,337.50,1.0,-1,-1,-1
88,10.0,600.75,432.00,247.05,473.85,1.0,-1,-1,-1
88,9.0,1227.15,521.44,168.75,307.46,1.0,-1,-1,-1
88,6.0,988.88,487.35,168.75,353.70,1.0,-1,-1,-1
88,4.0,1068.53,394.20,373.28,513.67,1.0,-1,-1,-1
88,3.0,1336.50,455.96,261.90,425.59,1.0,-1,-1,-1
88,2.0,572.40,394.54,534.60,542.36,1.0,-1,-1,-1
89,12.0,543.04,495.45,258.86,340.88,1.0,-1,-1,-1
89,10.0,604.80,432.00,249.75,475.20,1.0,-1,-1,-1
89,9.0,1227.83,516.38,170.78,313.88,1.0,-1,-1,-1
89,6.0,989.55,486.00,168.75,355.73,1.0,-1,-1,-1
89,4.0,1065.15,395.55,368.55,517.05,1.0,-1,-1,-1
89,3.0,1312.20,464.40,283.50,417.15,1.0,-1,-1,-1
89,2.0,576.45,396.23,523.80,539.33,1.0,-1,-1,-1
90,12.0,545.40,486.00,253.80,352.35,1.0,-1,-1,-1
90,10.0,563.29,434.03,276.41,468.45,1.0,-1,-1,-1
90,9.0,1225.12,517.05,162.68,313.20,1.0,-1,-1,-1
90,6.0,989.55,488.70,168.75,355.73,1.0,-1,-1,-1
90,4.0,1071.90,397.24,363.15,515.36,1.0,-1,-1,-1
90,3.0,1275.75,465.08,326.70,416.48,1.0,-1,-1,-1
90,2.0,596.36,396.23,493.09,538.65,1.0,-1,-1,-1
91,12.0,543.38,492.75,226.80,347.62,1.0,-1,-1,-1
91,10.0,579.83,431.66,259.20,470.14,1.0,-1,-1,-1
91,9.0,1219.05,511.65,176.85,323.33,1.0,-1,-1,-1
91,6.0,988.20,486.00,162.00,355.05,1.0,-1,-1,-1
91,4.0,1067.85,397.58,371.25,514.35,1.0,-1,-1,-1
91,3.0,1274.40,465.08,321.30,416.48,1.0,-1,-1,-1
91,2.0,752.62,398.25,338.85,536.63,1.0,-1,-1,-1
92,12.0,544.73,472.50,253.12,368.55,1.0,-1,-1,-1
92,10.0,589.61,421.20,263.59,479.92,1.0,-1,-1,-1
92,9.0,1215.68,510.98,181.57,319.95,1.0,-1,-1,-1
92,8.0,855.90,455.62,228.15,407.70,1.0,-1,-1,-1
92,6.0,984.83,480.60,162.00,361.80,1.0,-1,-1,-1
92,4.0,1055.03,401.62,354.38,508.95,1.0,-1,-1,-1
92,3.0,1343.93,471.15,251.78,409.05,1.0,-1,-1,-1
92,2.0,753.98,400.28,337.50,535.28,1.0,-1,-1,-1
93,12.0,545.40,473.18,255.15,375.98,1.0,-1,-1,-1
93,10.0,600.08,409.73,267.30,489.38,1.0,-1,-1,-1
93,9.0,1221.75,506.25,175.50,324.68,1.0,-1,-1,-1
93,6.0,986.85,486.68,162.00,358.43,1.0,-1,-1,-1
93,4.0,1050.97,402.30,361.13,506.25,1.0,-1,-1,-1
93,3.0,1345.28,463.05,246.38,417.15,1.0,-1,-1,-1
93,2.0,743.85,400.28,346.95,539.33,1.0,-1,-1,-1
94,10.0,584.55,402.98,275.40,492.75,1.0,-1,-1,-1
94,9.0,1231.20,506.25,156.60,323.32,1.0,-1,-1,-1
94,6.0,984.15,484.99,167.40,360.11,1.0,-1,-1,-1
94,4.0,1045.58,402.30,361.12,504.23,1.0,-1,-1,-1
94,3.0,1344.60,462.38,243.00,417.83,1.0,-1,-1,-1
94,2.0,756.00,401.96,330.75,538.99,1.0,-1,-1,-1
95,10.0,557.55,400.28,290.25,492.75,1.0,-1,-1,-1
95,9.0,1231.88,502.54,159.98,327.71,1.0,-1,-1,-1
95,6.0,981.45,487.01,164.70,360.79,1.0,-1,-1,-1
95,4.0,1040.85,400.28,369.90,508.95,1.0,-1,-1,-1
95,3.0,1345.28,453.60,266.62,427.27,1.0,-1,-1,-1
95,2.0,756.68,402.64,318.60,538.31,1.0,-1,-1,-1
96,10.0,581.18,395.55,274.05,496.13,1.0,-1,-1,-1
96,9.0,1234.58,505.58,157.28,325.35,1.0,-1,-1,-1
96,6.0,982.13,494.78,164.70,348.30,1.0,-1,-1,-1
96,4.0,1042.20,398.93,361.80,514.35,1.0,-1,-1,-1
96,3.0,1345.28,456.30,258.53,423.23,1.0,-1,-1,-1
96,2.0,753.30,403.65,314.55,535.95,1.0,-1,-1,-1
97,10.0,603.79,398.93,250.09,488.70,1.0,-1,-1,-1
97,9.0,1235.25,505.58,152.55,324.67,1.0,-1,-1,-1
97,8.0,843.08,439.43,211.95,435.38,1.0,-1,-1,-1
97,6.0,987.53,496.13,152.55,344.93,1.0,-1,-1,-1
97,4.0,1040.85,398.93,360.45,515.70,1.0,-1,-1,-1
97,3.0,1345.95,465.08,224.10,415.12,1.0,-1,-1,-1
97,2.0,723.60,405.00,334.80,533.93,1.0,-1,-1,-1
98,10.0,599.40,392.18,252.45,500.18,1.0,-1,-1,-1
98,9.0,1236.60,502.88,151.20,327.37,1.0,-1,-1,-1
98,8.0,837.00,426.60,233.55,446.85,1.0,-1,-1,-1
98,6.0,987.53,492.08,155.25,348.98,1.0,-1,-1,-1
98,5.0,963.90,510.30,114.75,319.95,1.0,-1,-1,-1
98,4.0,1039.50,399.60,359.10,507.60,1.0,-1,-1,-1
98,3.0,1344.60,466.43,218.70,413.77,1.0,-1,-1,-1
98,2.0,743.85,402.98,326.70,537.30,1.0,-1,-1,-1
99,10.0,610.88,384.08,251.10,507.60,1.0,-1,-1,-1
99,9.0,1237.95,498.15,151.20,332.10,1.0,-1,-1,-1
99,6.0,986.18,490.73,164.70,353.02,1.0,-1,-1,-1
99,5.0,966.60,508.95,106.65,318.60,1.0,-1,-1,-1
99,4.0,1038.15,397.58,356.40,518.40,1.0,-1,-1,-1
99,3.0,1344.60,454.61,243.00,425.59,1.0,-1,-1,-1
99,2.0,746.55,402.64,317.25,538.31,1.0,-1,-1,-1
100,9.0,1239.30,497.81,143.10,331.09,1.0,-1,-1,-1
100,6.0,987.53,492.75,153.90,348.30,1.0,-1,-1,-1
100,5.0,966.60,509.29,108.00,313.54,1.0,-1,-1,-1
100,4.0,1026.00,398.25,364.50,521.78,1.0,-1,-1,-1
100,3.0,1341.90,451.24,264.60,427.61,1.0,-1,-1,-1
100,2.0,630.79,393.53,431.66,543.38,1.0,-1,-1,-1
101,12.0,569.70,450.90,226.12,388.80,1.0,-1,-1,-1
101,9.0,1239.98,491.40,146.47,337.50,1.0,-1,-1,-1
101,6.0,983.48,497.48,156.60,345.60,1.0,-1,-1,-1
101,5.0,967.95,511.31,114.75,311.51,1.0,-1,-1,-1
101,4.0,1027.35,397.58,359.10,526.50,1.0,-1,-1,-1
101,3.0,1333.12,452.93,274.73,425.25,1.0,-1,-1,-1
101,2.0,701.33,393.53,353.70,544.05,1.0,-1,-1,-1
102,12.0,571.39,447.86,221.74,389.14,1.0,-1,-1,-1
102,9.0,1241.33,492.75,137.70,336.15,1.0,-1,-1,-1
102,6.0,985.50,499.50,159.30,344.25,1.0,-1,-1,-1
102,5.0,967.28,512.66,109.35,310.16,1.0,-1,-1,-1
102,4.0,1021.95,396.90,361.80,524.47,1.0,-1,-1,-1
102,3.0,1331.78,453.26,234.22,424.24,1.0,-1,-1,-1
102,2.0,641.59,380.03,418.16,558.23,1.0,-1,-1,-1
103,12.0,570.38,450.23,212.62,384.75,1.0,-1,-1,-1
103,9.0,1240.65,492.08,137.70,336.83,1.0,-1,-1,-1
103,8.0,821.48,387.11,224.10,482.29,1.0,-1,-1,-1
103,6.0,984.83,499.50,162.00,346.27,1.0,-1,-1,-1
103,5.0,969.98,511.65,112.05,315.22,1.0,-1,-1,-1
103,4.0,1016.55,397.91,365.85,521.44,1.0,-1,-1,-1
103,3.0,1326.38,454.95,251.78,423.23,1.0,-1,-1,-1
103,2.0,617.29,380.03,435.71,552.15,1.0,-1,-1,-1
104,12.0,569.70,447.53,234.23,391.50,1.0,-1,-1,-1
104,9.0,1240.65,490.05,135.00,337.50,1.0,-1,-1,-1
104,8.0,818.78,398.25,205.20,473.85,1.0,-1,-1,-1
104,6.0,979.43,496.13,164.70,349.65,1.0,-1,-1,-1
104,4.0,1010.48,400.28,357.75,515.70,1.0,-1,-1,-1
104,3.0,1283.18,454.28,273.38,423.90,1.0,-1,-1,-1
104,2.0,611.55,382.73,423.90,544.73,1.0,-1,-1,-1
105,12.0,567.00,443.81,251.10,399.94,1.0,-1,-1,-1
105,9.0,1242.00,488.03,147.15,338.85,1.0,-1,-1,-1
105,8.0,847.80,402.98,162.00,468.45,1.0,-1,-1,-1
105,6.0,974.03,493.43,159.30,353.70,1.0,-1,-1,-1
105,4.0,1000.35,402.30,364.50,510.98,1.0,-1,-1,-1
105,3.0,1310.85,451.58,245.70,427.28,1.0,-1,-1,-1
105,2.0,614.25,385.76,405.00,541.69,1.0,-1,-1,-1
106,12.0,568.69,450.23,233.21,389.48,1.0,-1,-1,-1
106,9.0,1242.68,486.68,145.12,343.57,1.0,-1,-1,-1
106,8.0,826.20,413.10,187.65,457.65,1.0,-1,-1,-1
106,6.0,972.00,501.53,132.30,334.80,1.0,-1,-1,-1
106,4.0,991.58,404.66,361.80,510.64,1.0,-1,-1,-1
106,3.0,1312.20,447.53,253.80,431.33,1.0,-1,-1,-1
106,2.0,618.64,385.09,388.46,543.71,1.0,-1,-1,-1
107,12.0,568.69,449.55,230.51,390.15,1.0,-1,-1,-1
107,9.0,1244.70,488.03,153.90,342.90,1.0,-1,-1,-1
107,8.0,853.88,430.65,153.90,438.75,1.0,-1,-1,-1
107,6.0,970.65,496.80,128.25,341.55,1.0,-1,-1,-1
107,4.0,989.55,404.33,359.10,510.98,1.0,-1,-1,-1
107,3.0,1302.75,448.88,264.60,431.33,1.0,-1,-1,-1
107,2.0,615.60,391.16,368.55,538.99,1.0,-1,-1,-1
108,12.0,575.10,453.60,227.47,387.45,1.0,-1,-1,-1
108,9.0,1242.68,494.10,141.07,340.20,1.0,-1,-1,-1
108,8.0,845.10,437.40,174.15,434.70,1.0,-1,-1,-1
108,6.0,969.98,490.73,118.80,351.00,1.0,-1,-1,-1
108,4.0,968.63,404.33,352.35,514.35,1.0,-1,-1,-1
108,3.0,1295.33,451.91,261.22,428.29,1.0,-1,-1,-1
108,2.0,616.28,383.06,359.10,549.79,1.0,-1,-1,-1
109,12.0,578.48,454.95,225.45,386.78,1.0,-1,-1,-1
109,9.0,1237.95,483.98,167.40,353.70,1.0,-1,-1,-1
109,8.0,839.70,431.33,179.55,440.10,1.0,-1,-1,-1
109,6.0,965.25,501.86,117.45,333.11,1.0,-1,-1,-1
109,4.0,912.60,405.00,396.90,512.33,1.0,-1,-1,-1
109,3.0,1281.83,453.94,269.32,428.96,1.0,-1,-1,-1
109,2.0,614.25,385.43,351.00,537.30,1.0,-1,-1,-1
110,12.0,580.50,459.00,216.00,383.40,1.0,-1,-1,-1
110,9.0,1243.35,511.65,114.75,324.67,1.0,-1,-1,-1
110,8.0,853.20,430.31,180.90,441.79,1.0,-1,-1,-1
110,6.0,968.63,504.56,113.40,331.76,1.0,-1,-1,-1
110,4.0,915.98,405.00,384.75,514.35,1.0,-1,-1,-1
110,3.0,1262.93,450.23,282.82,434.70,1.0,-1,-1,-1
110,2.0,613.91,378.00,341.21,548.10,1.0,-1,-1,-1
111,12.0,577.12,458.33,236.25,386.78,1.0,-1,-1,-1
111,9.0,1243.35,528.19,105.30,310.16,1.0,-1,-1,-1
111,8.0,858.60,432.68,164.70,436.73,1.0,-1,-1,-1
111,4.0,908.55,400.28,376.65,529.88,1.0,-1,-1,-1
111,3.0,1257.53,456.30,281.47,432.00,1.0,-1,-1,-1
111,2.0,613.58,381.38,328.05,545.40,1.0,-1,-1,-1
112,14.0,1104.97,531.90,122.85,278.10,1.0,-1,-1,-1
112,12.0,583.54,461.03,198.79,386.10,1.0,-1,-1,-1
112,9.0,1243.35,528.53,120.15,312.53,1.0,-1,-1,-1
112,8.0,861.98,412.43,148.50,456.98,1.0,-1,-1,-1
112,4.0,951.75,399.94,314.55,532.91,1.0,-1,-1,-1
112,3.0,1256.18,450.23,272.03,438.08,1.0,-1,-1,-1
112,2.0,609.86,386.10,298.01,536.63,1.0,-1,-1,-1
113,14.0,1102.28,531.90,129.60,278.10,1.0,-1,-1,-1
113,12.0,589.61,463.05,198.79,395.55,1.0,-1,-1,-1
113,9.0,1242.68,533.92,122.85,308.48,1.0,-1,-1,-1
113,8.0,844.43,436.39,164.70,431.66,1.0,-1,-1,-1
113,4.0,934.20,396.23,309.15,528.52,1.0,-1,-1,-1
113,3.0,1253.48,446.18,266.62,442.80,1.0,-1,-1,-1
113,2.0,608.51,380.70,286.54,544.05,1.0,-1,-1,-1
114,14.0,1104.30,532.91,130.95,277.76,1.0,-1,-1,-1
114,12.0,587.25,455.62,209.25,409.05,1.0,-1,-1,-1
114,9.0,1242.00,537.30,129.60,306.45,1.0,-1,-1,-1
114,8.0,843.75,433.35,156.60,433.35,1.0,-1,-1,-1
114,4.0,929.48,400.28,303.75,521.10,1.0,-1,-1,-1
114,3.0,1249.43,444.15,261.22,444.15,1.0,-1,-1,-1
114,2.0,629.78,387.45,253.80,535.95,1.0,-1,-1,-1
115,14.0,1109.70,532.91,128.25,277.09,1.0,-1,-1,-1
115,12.0,590.29,458.33,217.01,402.98,1.0,-1,-1,-1
115,9.0,1242.00,533.92,122.85,307.80,1.0,-1,-1,-1
115,8.0,845.78,437.74,151.20,431.66,1.0,-1,-1,-1
115,6.0,920.70,481.28,234.90,444.15,1.0,-1,-1,-1
115,4.0,922.05,400.28,287.55,508.28,1.0,-1,-1,-1
115,3.0,1247.40,443.48,257.85,443.48,1.0,-1,-1,-1
115,2.0,684.45,391.50,197.10,529.88,1.0,-1,-1,-1
116,14.0,1111.05,533.92,137.70,278.10,1.0,-1,-1,-1
116,12.0,601.76,466.43,197.44,388.13,1.0,-1,-1,-1
116,9.0,1239.98,529.54,130.95,313.54,1.0,-1,-1,-1
116,8.0,845.10,437.06,137.70,428.29,1.0,-1,-1,-1
116,4.0,889.65,399.60,274.05,522.45,1.0,-1,-1,-1
116,3.0,1239.30,441.11,249.75,444.49,1.0,-1,-1,-1
117,14.0,1111.05,534.26,143.10,277.76,1.0,-1,-1,-1
117,12.0,598.73,453.60,205.20,386.10,1.0,-1,-1,-1
117,9.0,1235.93,526.50,137.70,311.85,1.0,-1,-1,-1
117,8.0,847.12,444.49,132.30,431.66,1.0,-1,-1,-1
117,4.0,861.98,382.05,290.25,553.50,1.0,-1,-1,-1
117,3.0,1234.58,441.11,247.72,449.89,1.0,-1,-1,-1
118,14.0,1111.72,534.26,143.10,280.46,1.0,-1,-1,-1
118,12.0,604.80,465.75,194.40,365.18,1.0,-1,-1,-1
118,10.0,591.64,397.58,272.36,524.48,1.0,-1,-1,-1
118,8.0,830.25,443.48,135.00,415.13,1.0,-1,-1,-1
118,4.0,893.03,382.05,245.70,546.75,1.0,-1,-1,-1
118,3.0,1228.50,439.43,245.70,459.00,1.0,-1,-1,-1
119,14.0,1111.72,536.29,147.15,277.09,1.0,-1,-1,-1
119,12.0,601.43,452.93,203.85,378.00,1.0,-1,-1,-1
119,10.0,593.33,394.88,270.00,524.48,1.0,-1,-1,-1
119,8.0,813.38,447.86,151.20,409.39,1.0,-1,-1,-1
119,4.0,881.55,393.53,253.80,535.95,1.0,-1,-1,-1
119,3.0,1220.40,438.75,248.40,462.38,1.0,-1,-1,-1
120,14.0,1111.72,534.60,152.55,278.77,1.0,-1,-1,-1
120,10.0,587.59,404.33,272.36,515.70,1.0,-1,-1,-1
120,8.0,808.65,449.55,203.85,407.02,1.0,-1,-1,-1
120,4.0,879.53,379.69,236.25,549.11,1.0,-1,-1,-1
120,3.0,1199.48,436.73,258.52,471.83,1.0,-1,-1,-1
121,14.0,1112.40,535.28,114.75,278.78,1.0,-1,-1,-1
121,10.0,596.36,406.01,251.44,510.64,1.0,-1,-1,-1
121,8.0,801.90,451.58,189.00,400.95,1.0,-1,-1,-1
121,6.0,980.78,444.15,179.55,409.05,1.0,-1,-1,-1
121,4.0,870.08,373.95,251.10,553.50,1.0,-1,-1,-1
121,3.0,1188.00,438.08,255.15,473.17,1.0,-1,-1,-1
122,14.0,1112.40,535.61,114.75,279.11,1.0,-1,-1,-1
122,10.0,587.25,410.40,257.85,506.25,1.0,-1,-1,-1
122,8.0,798.53,389.48,211.95,468.45,1.0,-1,-1,-1
122,6.0,974.70,442.12,186.30,409.73,1.0,-1,-1,-1
122,4.0,849.15,388.12,272.70,537.98,1.0,-1,-1,-1
122,3.0,1177.20,433.69,256.50,481.61,1.0,-1,-1,-1
123,14.0,1111.72,535.61,128.25,286.54,1.0,-1,-1,-1
123,10.0,644.62,415.80,178.20,498.15,1.0,-1,-1,-1
123,6.0,966.60,441.45,193.05,413.10,1.0,-1,-1,-1
123,4.0,824.85,388.80,288.90,533.25,1.0,-1,-1,-1
123,3.0,1146.15,431.33,283.50,489.38,1.0,-1,-1,-1
124,14.0,1142.78,533.25,109.35,282.83,1.0,-1,-1,-1
124,10.0,637.20,425.25,179.55,489.38,1.0,-1,-1,-1
124,6.0,958.50,445.50,190.35,402.30,1.0,-1,-1,-1
124,4.0,799.88,371.25,244.35,552.15,1.0,-1,-1,-1
124,3.0,1154.93,423.56,261.22,498.49,1.0,-1,-1,-1
125,14.0,1113.75,530.89,148.50,285.19,1.0,-1,-1,-1
125,10.0,626.06,433.35,185.29,478.58,1.0,-1,-1,-1
125,6.0,949.73,447.53,197.10,399.60,1.0,-1,-1,-1
125,4.0,797.85,369.56,237.60,549.79,1.0,-1,-1,-1
125,3.0,1110.38,421.88,296.33,503.55,1.0,-1,-1,-1
126,14.0,1142.78,527.17,117.45,288.90,1.0,-1,-1,-1
126,10.0,599.40,439.43,205.20,473.18,1.0,-1,-1,-1
126,6.0,945.68,446.85,198.45,402.30,1.0,-1,-1,-1
126,4.0,783.68,372.60,218.70,546.08,1.0,-1,-1,-1
126,3.0,1104.30,419.18,287.55,506.25,1.0,-1,-1,-1
127,10.0,596.36,440.78,204.19,459.67,1.0,-1,-1,-1
127,9.0,1201.50,467.78,186.30,397.58,1.0,-1,-1,-1
127,8.0,903.15,442.80,166.05,407.02,1.0,-1,-1,-1
127,6.0,950.40,450.56,190.35,387.79,1.0,-1,-1,-1
127,4.0,782.33,365.85,203.85,551.48,1.0,-1,-1,-1
127,3.0,1100.93,413.78,278.10,507.60,1.0,-1,-1,-1
128,15.0,746.55,444.15,157.95,425.25,1.0,-1,-1,-1
128,10.0,597.38,440.44,207.90,450.56,1.0,-1,-1,-1
128,9.0,1201.50,464.74,172.80,400.61,1.0,-1,-1,-1
128,8.0,872.78,449.21,168.75,405.34,1.0,-1,-1,-1
128,6.0,971.33,461.70,160.65,370.58,1.0,-1,-1,-1
128,4.0,764.78,379.35,195.75,530.55,1.0,-1,-1,-1
128,3.0,1107.68,409.05,233.55,504.23,1.0,-1,-1,-1
129,10.0,583.54,442.12,226.46,446.18,1.0,-1,-1,-1
129,9.0,1202.18,465.08,167.40,399.60,1.0,-1,-1,-1
129,8.0,881.55,452.59,149.85,399.26,1.0,-1,-1,-1
129,6.0,963.90,461.36,167.40,375.64,1.0,-1,-1,-1
129,4.0,743.18,365.85,201.15,542.70,1.0,-1,-1,-1
129,3.0,1087.43,407.70,241.65,507.60,1.0,-1,-1,-1
130,10.0,579.83,446.85,198.45,456.98,1.0,-1,-1,-1
130,9.0,1202.85,462.38,157.95,400.95,1.0,-1,-1,-1
130,8.0,872.10,454.95,152.55,396.90,1.0,-1,-1,-1
130,6.0,958.50,459.68,172.80,371.25,1.0,-1,-1,-1
130,4.0,747.23,373.95,186.30,537.30,1.0,-1,-1,-1
130,3.0,1079.33,402.30,236.25,506.93,1.0,-1,-1,-1
131,10.0,537.30,425.93,231.53,454.95,1.0,-1,-1,-1
131,9.0,1188.68,459.00,167.40,406.35,1.0,-1,-1,-1
131,8.0,860.62,452.25,160.65,396.90,1.0,-1,-1,-1
131,6.0,961.88,460.35,164.70,374.63,1.0,-1,-1,-1
131,4.0,745.88,384.75,174.15,525.15,1.0,-1,-1,-1
131,3.0,1059.75,400.28,241.65,507.60,1.0,-1,-1,-1
132,10.0,521.10,384.08,238.95,494.78,1.0,-1,-1,-1
132,9.0,1172.48,461.70,170.10,406.35,1.0,-1,-1,-1
132,8.0,861.30,452.93,163.35,397.57,1.0,-1,-1,-1
132,6.0,947.03,460.01,168.75,381.04,1.0,-1,-1,-1
132,4.0,700.65,387.79,195.75,519.41,1.0,-1,-1,-1
132,3.0,1039.50,398.93,233.55,513.68,1.0,-1,-1,-1
133,10.0,546.41,416.48,214.99,467.10,1.0,-1,-1,-1
133,9.0,1171.12,461.36,162.00,408.04,1.0,-1,-1,-1
133,8.0,861.98,443.48,157.95,410.40,1.0,-1,-1,-1
133,6.0,935.55,470.48,167.40,375.98,1.0,-1,-1,-1
133,4.0,690.53,390.83,201.15,510.98,1.0,-1,-1,-1
133,3.0,1023.98,394.88,228.15,517.05,1.0,-1,-1,-1
134,10.0,530.55,391.50,230.18,480.60,1.0,-1,-1,-1
134,9.0,1160.33,462.38,172.80,407.70,1.0,-1,-1,-1
134,8.0,840.38,450.23,179.55,402.98,1.0,-1,-1,-1
134,6.0,936.90,509.63,162.00,343.57,1.0,-1,-1,-1
134,4.0,688.50,388.80,238.95,511.65,1.0,-1,-1,-1
134,3.0,1009.13,398.93,233.55,511.65,1.0,-1,-1,-1
135,10.0,528.19,385.76,223.09,479.59,1.0,-1,-1,-1
135,9.0,1152.23,460.01,179.55,417.49,1.0,-1,-1,-1
135,8.0,828.23,465.75,195.75,385.43,1.0,-1,-1,-1
135,6.0,934.88,507.94,164.70,335.14,1.0,-1,-1,-1
135,4.0,692.55,388.80,244.35,510.98,1.0,-1,-1,-1
135,3.0,1001.70,396.23,224.10,514.35,1.0,-1,-1,-1
136,10.0,538.99,474.53,210.26,387.45,1.0,-1,-1,-1
136,9.0,1142.78,456.30,186.30,417.15,1.0,-1,-1,-1
136,8.0,841.05,466.43,163.35,380.70,1.0,-1,-1,-1
136,6.0,909.90,523.80,102.60,299.03,1.0,-1,-1,-1
136,3.0,972.00,397.58,226.80,513.00,1.0,-1,-1,-1
137,10.0,535.28,479.93,241.65,380.70,1.0,-1,-1,-1
137,9.0,1139.40,453.26,202.50,421.54,1.0,-1,-1,-1
137,8.0,822.83,446.18,149.85,400.95,1.0,-1,-1,-1
137,6.0,918.00,515.70,91.80,299.03,1.0,-1,-1,-1
137,3.0,978.75,399.60,202.50,509.63,1.0,-1,-1,-1
138,12.0,636.53,395.89,206.55,500.51,1.0,-1,-1,-1
138,10.0,529.88,486.00,221.40,373.27,1.0,-1,-1,-1
138,9.0,1140.75,442.46,191.70,432.34,1.0,-1,-1,-1
138,8.0,840.38,447.53,122.85,399.60,1.0,-1,-1,-1
138,6.0,912.60,515.36,113.40,310.84,1.0,-1,-1,-1
138,3.0,958.50,402.98,199.80,507.60,1.0,-1,-1,-1
139,12.0,622.69,399.60,212.96,496.80,1.0,-1,-1,-1
139,10.0,526.50,489.38,225.45,373.95,1.0,-1,-1,-1
139,9.0,1140.75,448.20,199.80,427.95,1.0,-1,-1,-1
139,8.0,813.38,446.85,137.70,399.60,1.0,-1,-1,-1
139,6.0,918.00,533.59,108.00,274.39,1.0,-1,-1,-1
139,3.0,931.50,407.03,211.95,504.90,1.0,-1,-1,-1
140,15.0,753.30,486.68,156.60,344.93,1.0,-1,-1,-1
140,12.0,589.61,404.66,251.44,491.74,1.0,-1,-1,-1
140,10.0,527.17,486.34,237.60,373.61,1.0,-1,-1,-1
140,9.0,1156.95,455.29,186.30,381.71,1.0,-1,-1,-1
140,8.0,797.85,451.58,156.60,391.50,1.0,-1,-1,-1
140,5.0,1090.12,550.80,98.55,254.48,1.0,-1,-1,-1
140,3.0,891.00,400.95,252.45,505.58,1.0,-1,-1,-1
141,15.0,761.40,497.48,160.65,323.33,1.0,-1,-1,-1
141,12.0,584.21,408.38,227.14,488.70,1.0,-1,-1,-1
141,10.0,528.86,486.68,224.44,369.90,1.0,-1,-1,-1
141,9.0,1146.83,491.06,199.80,345.26,1.0,-1,-1,-1
141,8.0,784.35,455.96,164.70,387.79,1.0,-1,-1,-1
141,5.0,1093.50,554.17,105.30,253.80,1.0,-1,-1,-1
141,3.0,878.85,400.61,252.45,506.59,1.0,-1,-1,-1
142,15.0,753.30,498.83,180.90,323.33,1.0,-1,-1,-1
142,14.0,1110.38,440.78,157.95,446.17,1.0,-1,-1,-1
142,12.0,560.25,398.25,241.65,492.08,1.0,-1,-1,-1
142,10.0,532.58,488.03,240.30,364.50,1.0,-1,-1,-1
142,9.0,1138.05,511.65,213.30,321.30,1.0,-1,-1,-1
142,8.0,789.75,452.25,163.35,390.83,1.0,-1,-1,-1
142,5.0,1093.50,553.84,118.80,260.89,1.0,-1,-1,-1
142,3.0,864.00,393.53,257.85,510.97,1.0,-1,-1,-1
143,17.0,992.25,500.18,160.65,338.85,1.0,-1,-1,-1
143,15.0,744.53,496.13,178.20,326.02,1.0,-1,-1,-1
143,14.0,1105.65,447.53,166.05,442.80,1.0,-1,-1,-1
143,12.0,540.00,389.48,310.50,500.18,1.0,-1,-1,-1
143,10.0,531.90,490.73,235.58,365.18,1.0,-1,-1,-1
143,9.0,1131.30,492.75,225.45,346.95,1.0,-1,-1,-1
143,8.0,789.75,451.58,155.25,391.50,1.0,-1,-1,-1
143,5.0,1095.53,519.75,110.70,288.90,1.0,-1,-1,-1
143,3.0,854.55,399.60,268.65,504.90,1.0,-1,-1,-1
144,17.0,988.20,456.98,163.35,396.90,1.0,-1,-1,-1
144,14.0,1079.33,442.80,176.85,446.18,1.0,-1,-1,-1
144,12.0,555.86,410.40,232.54,475.88,1.0,-1,-1,-1
144,10.0,536.62,499.84,233.55,332.44,1.0,-1,-1,-1
144,9.0,1137.38,507.60,220.05,334.13,1.0,-1,-1,-1
144,8.0,734.40,458.33,198.45,382.05,1.0,-1,-1,-1
144,3.0,844.43,395.89,238.95,504.56,1.0,-1,-1,-1
145,17.0,1001.70,506.25,144.45,328.05,1.0,-1,-1,-1
145,14.0,1053.68,429.64,187.65,455.96,1.0,-1,-1,-1
145,12.0,534.26,389.48,304.76,490.05,1.0,-1,-1,-1
145,10.0,535.95,502.20,212.62,338.85,1.0,-1,-1,-1
145,9.0,1146.15,507.60,210.60,337.50,1.0,-1,-1,-1
145,8.0,785.70,450.56,147.15,389.14,1.0,-1,-1,-1
145,3.0,832.28,389.48,216.00,508.95,1.0,-1,-1,-1
146,17.0,1003.05,517.05,125.55,311.85,1.0,-1,-1,-1
146,14.0,1005.75,440.10,238.95,448.20,1.0,-1,-1,-1
146,12.0,541.35,391.50,222.08,485.33,1.0,-1,-1,-1
146,10.0,537.98,501.53,186.30,336.15,1.0,-1,-1,-1
146,9.0,1150.88,510.30,203.85,337.50,1.0,-1,-1,-1
146,8.0,756.00,452.25,155.25,382.73,1.0,-1,-1,-1
146,3.0,819.45,399.26,201.15,499.84,1.0,-1,-1,-1
147,17.0,991.58,523.12,133.65,311.85,1.0,-1,-1,-1
147,14.0,1000.35,436.73,229.50,452.93,1.0,-1,-1,-1
147,12.0,538.65,389.48,220.72,486.00,1.0,-1,-1,-1
147,10.0,540.34,500.85,183.94,332.77,1.0,-1,-1,-1
147,9.0,1148.85,508.95,207.90,338.85,1.0,-1,-1,-1
147,3.0,812.70,399.60,180.90,501.52,1.0,-1,-1,-1
148,17.0,993.60,539.33,113.40,295.65,1.0,-1,-1,-1
148,14.0,995.63,434.36,179.55,451.24,1.0,-1,-1,-1
148,12.0,542.70,431.33,211.28,432.00,1.0,-1,-1,-1
148,9.0,1148.85,510.30,210.60,334.80,1.0,-1,-1,-1
148,6.0,924.75,444.49,129.60,388.46,1.0,-1,-1,-1
148,3.0,770.18,405.00,211.95,492.08,1.0,-1,-1,-1
149,18.0,681.41,534.60,111.04,292.27,1.0,-1,-1,-1
149,14.0,1001.03,429.98,157.95,454.27,1.0,-1,-1,-1
149,12.0,538.65,431.33,213.30,427.28,1.0,-1,-1,-1
149,9.0,1138.73,498.49,232.20,345.26,1.0,-1,-1,-1
149,6.0,911.25,444.15,120.15,385.42,1.0,-1,-1,-1
149,3.0,762.08,417.83,211.95,474.53,1.0,-1,-1,-1
150,18.0,689.51,537.64,105.64,266.96,1.0,-1,-1,-1
150,14.0,978.08,434.03,179.55,446.17,1.0,-1,-1,-1
150,12.0,537.64,438.08,211.61,419.17,1.0,-1,-1,-1
150,9.0,1116.45,489.38,256.50,353.02,1.0,-1,-1,-1
150,6.0,898.43,446.18,114.75,384.07,1.0,-1,-1,-1
150,5.0,1115.10,533.92,147.15,271.35,1.0,-1,-1,-1
150,3.0,756.00,471.15,201.15,419.17,1.0,-1,-1,-1
151,18.0,684.79,525.49,115.09,283.84,1.0,-1,-1,-1
151,14.0,943.65,441.11,217.35,435.04,1.0,-1,-1,-1
151,12.0,532.91,442.80,225.79,411.75,1.0,-1,-1,-1
151,9.0,1104.30,490.05,267.30,348.98,1.0,-1,-1,-1
151,3.0,751.28,416.48,190.35,469.13,1.0,-1,-1,-1
152,14.0,907.20,435.38,261.90,440.10,1.0,-1,-1,-1
152,12.0,527.17,444.15,237.60,404.33,1.0,-1,-1,-1
152,9.0,1121.85,481.95,221.40,361.12,1.0,-1,-1,-1
152,3.0,732.38,413.78,183.60,463.05,1.0,-1,-1,-1
153,14.0,892.35,434.70,256.50,434.03,1.0,-1,-1,-1
153,12.0,517.05,438.08,249.75,409.73,1.0,-1,-1,-1
153,9.0,1109.70,476.55,225.45,369.23,1.0,-1,-1,-1
153,3.0,718.20,408.38,186.30,464.40,1.0,-1,-1,-1
154,14.0,879.53,437.40,241.65,430.65,1.0,-1,-1,-1
154,12.0,517.73,441.79,238.27,393.86,1.0,-1,-1,-1
154,9.0,1102.28,475.20,225.45,372.60,1.0,-1,-1,-1
154,6.0,865.35,448.88,136.35,358.43,1.0,-1,-1,-1
154,3.0,701.33,411.75,187.65,456.30,1.0,-1,-1,-1
155,19.0,1046.93,533.25,125.55,290.93,1.0,-1,-1,-1
155,14.0,868.73,440.78,233.55,427.28,1.0,-1,-1,-1
155,12.0,517.05,445.50,220.73,387.45,1.0,-1,-1,-1
155,9.0,1105.65,472.50,211.95,375.30,1.0,-1,-1,-1
155,3.0,670.95,410.74,198.45,458.66,1.0,-1,-1,-1
156,19.0,1071.22,537.64,101.25,260.21,1.0,-1,-1,-1
156,14.0,855.23,429.30,236.25,436.73,1.0,-1,-1,-1
156,12.0,513.34,459.68,234.56,371.25,1.0,-1,-1,-1
156,9.0,1094.18,465.75,209.25,381.37,1.0,-1,-1,-1
156,3.0,650.36,411.75,199.46,456.30,1.0,-1,-1,-1
157,19.0,1080.68,535.61,102.60,262.24,1.0,-1,-1,-1
157,14.0,851.85,430.65,230.85,434.70,1.0,-1,-1,-1
157,12.0,511.99,463.73,217.01,370.58,1.0,-1,-1,-1
157,9.0,1088.78,463.73,209.25,383.40,1.0,-1,-1,-1
157,8.0,774.90,516.04,128.25,293.96,1.0,-1,-1,-1
157,3.0,648.00,407.70,198.45,456.98,1.0,-1,-1,-1
158,14.0,847.12,429.30,230.85,433.35,1.0,-1,-1,-1
158,12.0,514.01,468.11,225.79,360.79,1.0,-1,-1,-1
158,9.0,1074.60,463.05,216.00,384.75,1.0,-1,-1,-1
158,8.0,799.88,525.49,110.70,282.49,1.0,-1,-1,-1
158,3.0,637.20,413.10,203.85,448.20,1.0,-1,-1,-1
159,17.0,978.75,506.59,133.65,314.21,1.0,-1,-1,-1
159,14.0,848.48,425.59,222.75,434.36,1.0,-1,-1,-1
159,12.0,517.39,473.85,212.96,353.70,1.0,-1,-1,-1
159,9.0,1054.35,460.35,230.85,386.10,1.0,-1,-1,-1
159,3.0,631.80,410.40,205.20,448.88,1.0,-1,-1,-1
160,18.0,749.93,493.43,143.10,344.25,1.0,-1,-1,-1
160,14.0,810.68,424.58,189.00,434.03,1.0,-1,-1,-1
160,12.0,522.79,482.29,196.76,341.21,1.0,-1,-1,-1
160,9.0,1030.05,459.00,238.95,392.18,1.0,-1,-1,-1
160,3.0,616.61,411.75,219.04,442.80,1.0,-1,-1,-1
161,18.0,743.85,493.43,164.70,353.02,1.0,-1,-1,-1
161,14.0,793.80,434.03,202.50,423.22,1.0,-1,-1,-1
161,12.0,524.48,482.63,190.35,340.20,1.0,-1,-1,-1
161,9.0,1011.83,462.38,244.35,378.68,1.0,-1,-1,-1
161,6.0,933.53,477.23,126.90,342.23,1.0,-1,-1,-1
161,3.0,615.94,420.53,196.09,436.05,1.0,-1,-1,-1
162,18.0,742.50,493.76,151.20,335.14,1.0,-1,-1,-1
162,14.0,768.83,436.05,224.10,420.52,1.0,-1,-1,-1
162,12.0,527.17,486.00,182.25,333.45,1.0,-1,-1,-1
162,9.0,1026.68,458.33,224.10,386.78,1.0,-1,-1,-1
162,6.0,957.15,478.24,91.80,343.24,1.0,-1,-1,-1
162,5.0,1097.55,490.05,176.85,321.98,1.0,-1,-1,-1
162,3.0,600.75,421.88,199.80,432.00,1.0,-1,-1,-1
163,18.0,740.48,490.73,171.45,358.43,1.0,-1,-1,-1
163,14.0,742.50,436.05,234.90,418.50,1.0,-1,-1,-1
163,12.0,527.17,488.70,218.70,328.73,1.0,-1,-1,-1
163,9.0,1009.80,459.00,228.15,392.18,1.0,-1,-1,-1
163,6.0,943.65,482.63,117.45,336.15,1.0,-1,-1,-1
163,5.0,1094.18,490.05,174.15,324.68,1.0,-1,-1,-1
163,3.0,597.04,430.65,198.79,427.28,1.0,-1,-1,-1
164,16.0,908.55,479.93,140.40,336.82,1.0,-1,-1,-1
164,14.0,714.15,428.62,228.15,423.23,1.0,-1,-1,-1
164,12.0,531.56,495.79,208.91,316.24,1.0,-1,-1,-1
164,9.0,963.90,459.00,248.40,395.55,1.0,-1,-1,-1
164,5.0,1080.00,491.74,189.00,329.06,1.0,-1,-1,-1
164,3.0,584.21,442.80,215.66,402.30,1.0,-1,-1,-1
165,16.0,903.15,479.25,135.00,342.23,1.0,-1,-1,-1
165,14.0,723.60,435.38,206.55,414.45,1.0,-1,-1,-1
165,12.0,533.92,486.00,195.75,322.65,1.0,-1,-1,-1
165,9.0,985.50,458.33,206.55,392.85,1.0,-1,-1,-1
165,5.0,1089.45,487.35,175.50,334.80,1.0,-1,-1,-1
165,3.0,594.00,511.65,124.20,337.50,1.0,-1,-1,-1
166,16.0,884.93,479.93,137.70,343.57,1.0,-1,-1,-1
166,14.0,724.95,443.48,198.45,406.35,1.0,-1,-1,-1
166,12.0,542.36,456.98,195.41,357.08,1.0,-1,-1,-1
166,10.0,654.08,547.76,126.90,258.19,1.0,-1,-1,-1
166,9.0,984.83,459.68,195.75,392.85,1.0,-1,-1,-1
166,5.0,1088.78,488.70,168.75,334.12,1.0,-1,-1,-1
166,3.0,591.30,514.69,116.77,333.11,1.0,-1,-1,-1
167,16.0,873.45,479.25,118.80,340.87,1.0,-1,-1,-1
167,14.0,721.58,441.79,191.70,408.71,1.0,-1,-1,-1
167,10.0,650.03,536.29,136.35,285.19,1.0,-1,-1,-1
167,9.0,984.15,457.99,193.05,395.21,1.0,-1,-1,-1
167,5.0,1088.10,489.38,168.75,334.80,1.0,-1,-1,-1
167,3.0,586.24,520.42,117.11,322.65,1.0,-1,-1,-1
168,16.0,870.75,481.95,125.55,338.17,1.0,-1,-1,-1
168,14.0,699.30,446.18,190.35,402.30,1.0,-1,-1,-1
168,10.0,661.50,540.34,137.70,270.34,1.0,-1,-1,-1
168,9.0,964.58,459.68,160.65,390.82,1.0,-1,-1,-1
168,5.0,1068.53,487.35,184.95,339.52,1.0,-1,-1,-1
168,3.0,582.53,518.06,118.80,320.29,1.0,-1,-1,-1
169,16.0,837.68,479.93,160.65,337.50,1.0,-1,-1,-1
169,14.0,691.20,449.89,195.75,399.26,1.0,-1,-1,-1
169,10.0,664.88,559.58,152.55,227.48,1.0,-1,-1,-1
169,9.0,947.70,446.85,157.95,407.02,1.0,-1,-1,-1
169,5.0,1073.93,490.05,176.85,337.50,1.0,-1,-1,-1
169,3.0,558.23,461.70,162.00,378.00,1.0,-1,-1,-1
170,16.0,835.65,477.90,159.30,342.90,1.0,-1,-1,-1
170,14.0,684.45,458.33,194.40,390.83,1.0,-1,-1,-1
170,10.0,671.62,550.80,157.95,238.95,1.0,-1,-1,-1
170,9.0,936.23,449.89,164.70,403.31,1.0,-1,-1,-1
170,5.0,1060.43,486.68,193.05,337.50,1.0,-1,-1,-1
170,3.0,558.56,458.33,153.56,380.70,1.0,-1,-1,-1
171,18.0,786.38,516.71,122.85,287.21,1.0,-1,-1,-1
171,16.0,843.75,480.94,145.80,341.21,1.0,-1,-1,-1
171,14.0,681.08,461.36,194.40,387.79,1.0,-1,-1,-1
171,10.0,684.11,558.23,147.49,238.27,1.0,-1,-1,-1
171,9.0,913.28,449.89,182.25,404.66,1.0,-1,-1,-1
171,5.0,1057.05,486.68,191.70,340.88,1.0,-1,-1,-1
171,3.0,555.19,465.08,178.54,373.28,1.0,-1,-1,-1
172,18.0,762.75,517.39,164.70,289.91,1.0,-1,-1,-1
172,16.0,792.45,496.80,203.85,321.30,1.0,-1,-1,-1
172,14.0,663.53,469.13,182.25,378.68,1.0,-1,-1,-1
172,9.0,893.70,444.83,191.70,415.80,1.0,-1,-1,-1
172,5.0,1052.33,476.55,171.45,355.05,1.0,-1,-1,-1
172,3.0,547.09,468.11,189.34,364.84,1.0,-1,-1,-1
173,18.0,759.38,488.03,184.95,324.00,1.0,-1,-1,-1
173,14.0,658.80,468.45,174.15,378.00,1.0,-1,-1,-1
173,9.0,879.53,479.59,193.05,381.71,1.0,-1,-1,-1
173,5.0,1052.33,475.20,174.15,359.10,1.0,-1,-1,-1
173,3.0,543.04,471.83,187.31,361.12,1.0,-1,-1,-1
174,19.0,1078.65,533.25,182.25,272.70,1.0,-1,-1,-1
174,18.0,767.48,515.03,156.60,293.62,1.0,-1,-1,-1
174,14.0,651.04,463.73,175.16,375.98,1.0,-1,-1,-1
174,9.0,868.05,462.38,176.85,395.55,1.0,-1,-1,-1
174,5.0,1041.53,477.90,179.55,355.05,1.0,-1,-1,-1
174,3.0,538.99,477.23,185.29,352.35,1.0,-1,-1,-1
175,19.0,1075.95,532.58,183.60,274.73,1.0,-1,-1,-1
175,18.0,762.75,512.33,163.35,297.67,1.0,-1,-1,-1
175,14.0,654.41,461.70,163.69,389.48,1.0,-1,-1,-1
175,12.0,597.04,530.55,151.54,293.63,1.0,-1,-1,-1
175,9.0,813.38,460.35,214.65,396.90,1.0,-1,-1,-1
175,6.0,961.20,490.05,140.40,334.80,1.0,-1,-1,-1
175,5.0,1040.85,475.54,175.50,360.11,1.0,-1,-1,-1
175,3.0,542.03,479.93,161.33,346.27,1.0,-1,-1,-1
176,19.0,1067.18,515.03,198.45,296.33,1.0,-1,-1,-1
176,18.0,756.68,494.78,157.95,316.58,1.0,-1,-1,-1
176,14.0,637.20,468.45,157.95,378.00,1.0,-1,-1,-1
176,9.0,817.43,461.70,184.95,391.50,1.0,-1,-1,-1
176,6.0,969.98,491.74,121.50,322.31,1.0,-1,-1,-1
176,5.0,1038.15,470.48,175.50,365.85,1.0,-1,-1,-1
176,3.0,541.01,486.00,162.34,328.05,1.0,-1,-1,-1
177,19.0,1075.28,507.60,193.05,306.45,1.0,-1,-1,-1
177,18.0,748.58,492.08,172.80,321.30,1.0,-1,-1,-1
177,14.0,631.46,468.45,165.71,367.20,1.0,-1,-1,-1
177,9.0,817.43,459.68,147.15,392.18,1.0,-1,-1,-1
177,6.0,972.00,491.40,95.85,323.33,1.0,-1,-1,-1
177,5.0,1031.40,466.43,145.80,351.68,1.0,-1,-1,-1
177,3.0,542.36,491.74,152.21,325.01,1.0,-1,-1,-1
178,19.0,1098.90,500.18,170.10,310.50,1.0,-1,-1,-1
178,18.0,746.55,491.40,163.35,326.70,1.0,-1,-1,-1
178,14.0,629.44,477.23,159.64,356.40,1.0,-1,-1,-1
178,9.0,813.38,454.61,141.75,394.54,1.0,-1,-1,-1
178,8.0,914.62,539.66,95.85,250.76,1.0,-1,-1,-1
178,6.0,950.40,491.74,112.05,326.36,1.0,-1,-1,-1
178,5.0,1030.05,465.08,147.15,356.40,1.0,-1,-1,-1
178,3.0,542.36,492.08,162.34,325.35,1.0,-1,-1,-1
179,19.0,1094.18,471.15,166.05,342.22,1.0,-1,-1,-1
179,14.0,621.00,479.25,166.05,355.73,1.0,-1,-1,-1
179,9.0,792.45,467.78,160.65,380.03,1.0,-1,-1,-1
179,8.0,920.03,547.76,90.45,239.29,1.0,-1,-1,-1
179,6.0,947.70,491.40,106.65,325.35,1.0,-1,-1,-1
179,5.0,1015.20,461.70,163.35,367.88,1.0,-1,-1,-1
179,3.0,542.03,492.08,152.55,325.35,1.0,-1,-1,-1
180,19.0,1065.83,506.93,184.95,309.15,1.0,-1,-1,-1
180,14.0,611.55,490.05,159.30,344.25,1.0,-1,-1,-1
180,9.0,760.73,465.08,189.00,383.40,1.0,-1,-1,-1
180,6.0,917.33,491.40,126.90,322.65,1.0,-1,-1,-1
180,5.0,1013.18,465.75,139.05,374.62,1.0,-1,-1,-1
180,3.0,553.84,506.59,135.67,307.46,1.0,-1,-1,-1
181,19.0,1084.72,509.63,163.35,307.80,1.0,-1,-1,-1
181,14.0,606.15,492.08,163.35,338.17,1.0,-1,-1,-1
181,9.0,743.18,461.03,201.15,387.45,1.0,-1,-1,-1
181,6.0,926.78,491.40,110.70,324.00,1.0,-1,-1,-1
181,5.0,996.30,452.93,139.05,378.68,1.0,-1,-1,-1
181,3.0,551.81,506.25,144.79,308.48,1.0,-1,-1,-1
182,19.0,1075.28,506.25,166.05,313.87,1.0,-1,-1,-1
182,14.0,599.06,495.45,170.44,333.45,1.0,-1,-1,-1
182,9.0,740.48,457.65,191.70,390.15,1.0,-1,-1,-1
182,6.0,928.80,498.15,108.00,315.22,1.0,-1,-1,-1
182,5.0,983.48,452.93,151.20,384.07,1.0,-1,-1,-1
182,3.0,553.84,505.24,160.99,308.14,1.0,-1,-1,-1
183,19.0,1070.55,504.56,168.75,316.24,1.0,-1,-1,-1
183,14.0,595.35,497.48,187.65,329.40,1.0,-1,-1,-1
183,9.0,735.75,459.68,183.60,383.40,1.0,-1,-1,-1
183,6.0,927.45,489.38,101.25,326.02,1.0,-1,-1,-1
183,5.0,969.30,459.68,166.05,379.35,1.0,-1,-1,-1
183,3.0,556.88,508.28,155.93,303.75,1.0,-1,-1,-1
